 1.000000e+00 -3.998700e-02 -5.540290e-03 -9.756260e-03 -3.449720e-03 -1.178990e-02  9.396600e-04 -5.385330e-03  4.451800e-03 -7.791210e-04 -1.065250e-02 -5.865150e-03 -1.876270e-03 -1.046540e-02 -1.573640e-03  1.416380e-03 -1.193890e-02  9.784600e-04 -5.404600e-04 -7.743980e-03 -3.939870e-03 -4.070960e-03 -6.858590e-04 -3.214960e-03  1.778810e-03  2.644220e-03 -1.582670e-03 -4.608290e-03  8.036040e-03  2.485430e-03 -3.068700e-03  2.136370e-03
-3.998700e-02  1.000000e+00 -1.565120e-02  8.226450e-04 -7.643980e-03  3.570830e-03 -4.122320e-03  3.693170e-03  3.533680e-03 -3.708970e-03  5.415130e-03 -9.358290e-04 -5.946550e-04  3.973140e-03 -4.625950e-03 -2.252280e-03  2.086280e-03 -3.231260e-03  8.263910e-03 -3.633720e-03  3.338340e-03 -5.510030e-03 -2.626440e-04 -4.105510e-03 -5.577750e-03 -3.178680e-04  2.338570e-04  2.919470e-03  6.143040e-04  3.152920e-03  2.742470e-03 -3.212220e-03
-5.540290e-03 -1.565120e-02  1.000000e+00 -2.052690e-02 -3.410970e-03 -1.158320e-02 -4.499470e-03  1.408690e-03  1.903950e-03  3.405240e-03 -4.071870e-03 -5.168940e-03 -1.698410e-03 -1.047210e-02 -1.781230e-03 -6.242110e-03 -6.613860e-03  1.436180e-03 -2.137600e-03  4.922980e-03 -3.080240e-03  1.474060e-05  2.400350e-03 -3.718580e-03 -1.456870e-03  4.210750e-03 -2.577590e-04  3.775140e-03  7.625090e-04  1.506390e-03 -1.741620e-03  1.326630e-04
-9.756260e-03  8.226450e-04 -2.052690e-02  1.000000e+00 -1.584050e-02 -5.245150e-03 -6.054310e-03  4.500000e-03  5.825860e-03  4.272270e-03 -2.130580e-03  4.029570e-04 -7.280900e-03 -2.352370e-04 -6.835200e-03 -1.804820e-03 -2.410250e-03 -4.897200e-03  4.908830e-03 -4.929000e-03  5.368300e-03 -8.318450e-06  1.357330e-03 -2.811940e-03 -1.643700e-03  7.494610e-04  2.483340e-03 -2.780300e-03  5.098900e-03 -7.910000e-04  2.318570e-03 -2.163900e-03
-3.449720e-03 -7.643980e-03 -3.410970e-03 -1.584050e-02  1.000000e+00 -2.645170e-02 -6.474580e-03 -1.388330e-03  9.651670e-04 -9.844560e-05 -3.438140e-03 -5.605490e-03 -2.405510e-03 -6.058290e-03 -3.888150e-04 -8.470540e-03 -1.925940e-02 -1.367440e-02 -1.048120e-02 -1.515000e-03 -3.078950e-03 -2.792850e-03  1.952170e-03 -2.736940e-03  5.518070e-03  5.079310e-03  2.922260e-03  5.926240e-03  6.631440e-04  3.898940e-03  7.671590e-04  1.000380e-03
-1.178990e-02  3.570830e-03 -1.158320e-02 -5.245150e-03 -2.645170e-02  1.000000e+00 -2.248240e-02 -5.461330e-05 -1.399340e-03 -7.629050e-04  2.847770e-04 -5.493880e-03 -6.599260e-03 -1.365050e-03 -8.941890e-03 -5.990330e-03 -9.956680e-03 -1.760180e-02  3.755450e-05 -9.222680e-03 -6.351860e-04 -2.982340e-03 -1.752440e-03  6.017070e-03 -3.043780e-03  8.026090e-03  2.934640e-03  5.304670e-03  1.350430e-03  2.292780e-03  3.358220e-04  9.863731e-04
 9.396600e-04 -4.122320e-03 -4.499470e-03 -6.054310e-03 -6.474580e-03 -2.248240e-02  1.000000e+00 -2.967520e-02 -3.339750e-03 -7.982390e-03 -5.264620e-03 -5.083750e-03 -8.939730e-03 -2.690020e-03 -9.880960e-03 -7.688870e-03 -1.012600e-02 -9.606540e-03 -1.019350e-02 -5.869930e-03 -6.219990e-03 -4.038990e-03 -2.037960e-03 -1.508710e-03  5.043220e-03 -3.629640e-03  9.756220e-03 -2.688390e-03  7.867710e-03 -1.611980e-04  4.429980e-03  5.333150e-05
-5.385330e-03  3.693170e-03  1.408690e-03  4.500000e-03 -1.388330e-03 -5.461330e-05 -2.967520e-02  1.000000e+00 -3.205450e-02 -5.966530e-03 -1.876290e-03 -1.195540e-02 -2.341440e-03 -7.430750e-03 -6.522660e-03 -9.268550e-03 -5.932900e-03 -6.213170e-03 -6.983190e-03 -4.659140e-03 -2.563180e-03 -6.085690e-03 -5.239230e-03 -7.701520e-04 -9.266080e-03  3.513900e-03 -1.082100e-02  4.463300e-03 -3.355700e-03  4.562280e-03 -1.776510e-03  1.992870e-03
 4.451800e-03  3.533680e-03  1.903950e-03  5.825860e-03  9.651670e-04 -1.399340e-03 -3.339750e-03 -3.205450e-02  1.000000e+00 -2.320220e-02 -1.030560e-02 -5.815850e-03 -1.128730e-02 -1.574100e-03 -8.007440e-03 -5.374440e-03 -8.816700e-04 -7.124510e-03 -6.138280e-03 -9.875850e-03 -4.834630e-03 -7.490670e-03 -1.088680e-02 -9.402330e-03 -5.508200e-04 -1.106410e-02  3.231490e-03 -1.129680e-02  4.369060e-03 -2.590570e-04  4.643440e-03 -5.265120e-05
-7.791210e-04 -3.708970e-03  3.405240e-03  4.272270e-03 -9.844560e-05 -7.629050e-04 -7.982390e-03 -5.966530e-03 -2.320220e-02  1.000000e+00 -1.595850e-02 -1.015570e-02 -7.754870e-03 -3.723990e-03  3.430530e-04  2.988420e-03 -4.440230e-03 -1.605890e-03 -6.879350e-03 -2.608560e-03 -5.100950e-03 -4.189930e-03 -6.359010e-03 -2.133950e-03 -2.570400e-03  1.774930e-03 -5.030170e-03 -2.802790e-03 -3.635670e-03 -1.916610e-03 -8.278180e-04 -6.264110e-05
-1.065250e-02  5.415130e-03 -4.071870e-03 -2.130580e-03 -3.438140e-03  2.847770e-04 -5.264620e-03 -1.876290e-03 -1.030560e-02 -1.595850e-02  1.000000e+00 -1.637930e-02 -8.779600e-03 -4.191350e-03  3.835290e-04 -3.504260e-04 -7.395400e-04 -5.544940e-03 -1.285110e-03 -2.942530e-03 -9.880390e-04 -5.194500e-03 -2.697490e-03 -1.224290e-03 -3.741350e-03  1.612690e-03 -2.508700e-03 -6.688050e-04 -5.555940e-03 -1.449390e-03 -3.287210e-03 -3.017670e-04
-5.865150e-03 -9.358290e-04 -5.168940e-03  4.029570e-04 -5.605490e-03 -5.493880e-03 -5.083750e-03 -1.195540e-02 -5.815850e-03 -1.015570e-02 -1.637930e-02  1.000000e+00 -2.723290e-02 -8.311940e-03 -1.280830e-02 -8.053400e-03 -6.185200e-03 -1.076640e-02 -2.352290e-03 -5.783310e-03  1.942380e-03 -2.217480e-03  4.910080e-04 -3.912100e-04  4.955280e-03 -1.687320e-03  4.823560e-03 -7.811010e-03  1.463030e-03 -6.854100e-03 -1.897590e-03 -5.382420e-03
-1.876270e-03 -5.946550e-04 -1.698410e-03 -7.280900e-03 -2.405510e-03 -6.599260e-03 -8.939730e-03 -2.341440e-03 -1.128730e-02 -7.754870e-03 -8.779600e-03 -2.723290e-02  1.000000e+00 -2.904760e-02 -1.372550e-02 -1.374270e-02 -1.285600e-02 -1.384090e-02 -9.087310e-03 -1.484730e-03 -5.168860e-03  1.060480e-04  5.424280e-03 -2.559310e-04  2.170510e-04  7.761270e-03 -7.258340e-03 -7.142570e-05 -5.973950e-03 -6.317430e-04 -6.126680e-03  6.227480e-04
-1.046540e-02  3.973140e-03 -1.047210e-02 -2.352370e-04 -6.058290e-03 -1.365050e-03 -2.690020e-03 -7.430750e-03 -1.574100e-03 -3.723990e-03 -4.191350e-03 -8.311940e-03 -2.904760e-02  1.000000e+00 -2.789660e-02 -1.563220e-02 -1.107520e-02 -7.771750e-03 -5.868290e-03 -8.353990e-03 -7.685440e-04 -1.814110e-03 -5.755280e-03 -8.248330e-04 -4.566040e-03 -1.018900e-02 -2.811750e-03 -1.190960e-02 -7.072910e-03 -9.463480e-03 -3.625430e-03 -9.951090e-03
-1.573640e-03 -4.625950e-03 -1.781230e-03 -6.835200e-03 -3.888150e-04 -8.941890e-03 -9.880960e-03 -6.522660e-03 -8.007440e-03  3.430530e-04  3.835290e-04 -1.280830e-02 -1.372550e-02 -2.789660e-02  1.000000e+00 -3.388700e-02 -1.490530e-02 -1.435790e-02 -1.710200e-02 -2.205020e-03 -1.427730e-03 -1.678550e-03  3.254980e-03 -4.534530e-03 -2.990880e-03 -1.429460e-03 -8.489270e-03 -1.841590e-03 -9.889750e-03 -7.773960e-03 -1.197960e-02 -5.790850e-04
 1.416380e-03 -2.252280e-03 -6.242110e-03 -1.804820e-03 -8.470540e-03 -5.990330e-03 -7.688870e-03 -9.268550e-03 -5.374440e-03  2.988420e-03 -3.504260e-04 -8.053400e-03 -1.374270e-02 -1.563220e-02 -3.388700e-02  1.000000e+00 -2.543210e-02 -1.751610e-02 -9.368290e-03 -9.921960e-03 -4.013390e-03  1.835840e-03 -3.305600e-03 -3.329260e-03 -6.923550e-03 -5.218150e-03 -4.830010e-03 -7.245300e-03 -1.123500e-02 -1.360700e-02 -1.652360e-02 -9.917140e-03
-1.193890e-02  2.086280e-03 -6.613860e-03 -2.410250e-03 -1.925940e-02 -9.956680e-03 -1.012600e-02 -5.932900e-03 -8.816700e-04 -4.440230e-03 -7.395400e-04 -6.185200e-03 -1.285600e-02 -1.107520e-02 -1.490530e-02 -2.543210e-02  1.000000e+00 -3.160140e-02 -9.929370e-03 -1.047070e-02  2.280460e-03 -4.658270e-03  1.909150e-04 -7.473340e-03 -3.140490e-03 -7.922350e-03 -7.109930e-04 -5.365540e-03 -7.530890e-03 -1.225870e-02 -1.296610e-02 -7.364910e-03
 9.784600e-04 -3.231260e-03  1.436180e-03 -4.897200e-03 -1.367440e-02 -1.760180e-02 -9.606540e-03 -6.213170e-03 -7.124510e-03 -1.605890e-03 -5.544940e-03 -1.076640e-02 -1.384090e-02 -7.771750e-03 -1.435790e-02 -1.751610e-02 -3.160140e-02  1.000000e+00 -2.650440e-02 -4.374970e-03 -1.037840e-02 -3.079930e-03 -6.717750e-03 -5.700490e-03 -8.714060e-03 -6.407760e-03 -6.570360e-03 -5.382110e-03 -9.987870e-03 -1.312470e-02 -9.590960e-03 -8.944290e-03
-5.404600e-04  8.263910e-03 -2.137600e-03  4.908830e-03 -1.048120e-02  3.755450e-05 -1.019350e-02 -6.983190e-03 -6.138280e-03 -6.879350e-03 -1.285110e-03 -2.352290e-03 -9.087310e-03 -5.868290e-03 -1.710200e-02 -9.368290e-03 -9.929370e-03 -2.650440e-02  1.000000e+00 -2.977550e-02  3.500250e-03 -1.374080e-02 -1.053710e-02 -1.233330e-02 -1.132520e-02 -1.236000e-02 -1.246260e-02 -1.197670e-02 -1.289340e-02 -8.169930e-03 -9.919220e-03 -7.832240e-03
-7.743980e-03 -3.633720e-03  4.922980e-03 -4.929000e-03 -1.515000e-03 -9.222680e-03 -5.869930e-03 -4.659140e-03 -9.875850e-03 -2.608560e-03 -2.942530e-03 -5.783310e-03 -1.484730e-03 -8.353990e-03 -2.205020e-03 -9.921960e-03 -1.047070e-02 -4.374970e-03 -2.977550e-02  1.000000e+00 -3.270380e-02 -7.310400e-03 -1.443930e-02 -1.171570e-02 -1.249100e-02 -9.115040e-03 -1.519880e-02 -1.019490e-02 -1.641790e-02 -1.222590e-02 -6.428070e-03 -4.907550e-03
-3.939870e-03  3.338340e-03 -3.080240e-03  5.368300e-03 -3.078950e-03 -6.351860e-04 -6.219990e-03 -2.563180e-03 -4.834630e-03 -5.100950e-03 -9.880390e-04  1.942380e-03 -5.168860e-03 -7.685440e-04 -1.427730e-03 -4.013390e-03  2.280460e-03 -1.037840e-02  3.500250e-03 -3.270380e-02  1.000000e+00 -2.668830e-02 -1.240280e-02 -1.659500e-02 -9.102670e-03 -1.664850e-02 -1.492880e-02 -1.119810e-02 -1.480010e-02 -5.744910e-03 -4.297990e-03 -5.264970e-03
-4.070960e-03 -5.510030e-03  1.474060e-05 -8.318450e-06 -2.792850e-03 -2.982340e-03 -4.038990e-03 -6.085690e-03 -7.490670e-03 -4.189930e-03 -5.194500e-03 -2.217480e-03  1.060480e-04 -1.814110e-03 -1.678550e-03  1.835840e-03 -4.658270e-03 -3.079930e-03 -1.374080e-02 -7.310400e-03 -2.668830e-02  1.000000e+00 -3.442540e-02 -2.547160e-02 -2.669140e-02 -2.249840e-02 -1.921490e-02 -2.186790e-02 -1.675850e-02 -9.856470e-03 -6.002500e-03 -4.267230e-03
-6.858590e-04 -2.626440e-04  2.400350e-03  1.357330e-03  1.952170e-03 -1.752440e-03 -2.037960e-03 -5.239230e-03 -1.088680e-02 -6.359010e-03 -2.697490e-03  4.910080e-04  5.424280e-03 -5.755280e-03  3.254980e-03 -3.305600e-03  1.909150e-04 -6.717750e-03 -1.053710e-02 -1.443930e-02 -1.240280e-02 -3.442540e-02  1.000000e+00 -6.501460e-02 -3.600330e-02 -3.155990e-02 -3.020610e-02 -1.893870e-02 -2.172270e-02 -7.586340e-03 -5.526610e-03 -3.973820e-03
-3.214960e-03 -4.105510e-03 -3.718580e-03 -2.811940e-03 -2.736940e-03  6.017070e-03 -1.508710e-03 -7.701520e-04 -9.402330e-03 -2.133950e-03 -1.224290e-03 -3.912100e-04 -2.559310e-04 -8.248330e-04 -4.534530e-03 -3.329260e-03 -7.473340e-03 -5.700490e-03 -1.233330e-02 -1.171570e-02 -1.659500e-02 -2.547160e-02 -6.501460e-02  1.000000e+00 -6.087910e-02 -3.561380e-02 -2.867530e-02 -2.083800e-02 -1.601050e-02 -7.717710e-03 -5.851860e-03 -4.204380e-03
 1.778810e-03 -5.577750e-03 -1.456870e-03 -1.643700e-03  5.518070e-03 -3.043780e-03  5.043220e-03 -9.266080e-03 -5.508200e-04 -2.570400e-03 -3.741350e-03  4.955280e-03  2.170510e-04 -4.566040e-03 -2.990880e-03 -6.923550e-03 -3.140490e-03 -8.714060e-03 -1.132520e-02 -1.249100e-02 -9.102670e-03 -2.669140e-02 -3.600330e-02 -6.087910e-02  1.000000e+00 -5.065750e-02 -2.953450e-02 -2.821040e-02 -2.461640e-02 -1.709470e-02 -1.104290e-02 -1.394310e-02
 2.644220e-03 -3.178680e-04  4.210750e-03  7.494610e-04  5.079310e-03  8.026090e-03 -3.629640e-03  3.513900e-03 -1.106410e-02  1.774930e-03  1.612690e-03 -1.687320e-03  7.761270e-03 -1.018900e-02 -1.429460e-03 -5.218150e-03 -7.922350e-03 -6.407760e-03 -1.236000e-02 -9.115040e-03 -1.664850e-02 -2.249840e-02 -3.155990e-02 -3.561380e-02 -5.065750e-02  1.000000e+00 -4.848430e-02 -2.648610e-02 -3.164200e-02 -1.602830e-02 -1.730760e-02 -1.166790e-02
-1.582670e-03  2.338570e-04 -2.577590e-04  2.483340e-03  2.922260e-03  2.934640e-03  9.756220e-03 -1.082100e-02  3.231490e-03 -5.030170e-03 -2.508700e-03  4.823560e-03 -7.258340e-03 -2.811750e-03 -8.489270e-03 -4.830010e-03 -7.109930e-04 -6.570360e-03 -1.246260e-02 -1.519880e-02 -1.492880e-02 -1.921490e-02 -3.020610e-02 -2.867530e-02 -2.953450e-02 -4.848430e-02  1.000000e+00 -4.589240e-02 -2.809390e-02 -2.422750e-02 -1.422720e-02 -1.763220e-02
-4.608290e-03  2.919470e-03  3.775140e-03 -2.780300e-03  5.926240e-03  5.304670e-03 -2.688390e-03  4.463300e-03 -1.129680e-02 -2.802790e-03 -6.688050e-04 -7.811010e-03 -7.142570e-05 -1.190960e-02 -1.841590e-03 -7.245300e-03 -5.365540e-03 -5.382110e-03 -1.197670e-02 -1.019490e-02 -1.119810e-02 -2.186790e-02 -1.893870e-02 -2.083800e-02 -2.821040e-02 -2.648610e-02 -4.589240e-02  1.000000e+00 -4.696840e-02 -2.252080e-02 -2.112360e-02 -1.789650e-02
 8.036040e-03  6.143040e-04  7.625090e-04  5.098900e-03  6.631440e-04  1.350430e-03  7.867710e-03 -3.355700e-03  4.369060e-03 -3.635670e-03 -5.555940e-03  1.463030e-03 -5.973950e-03 -7.072910e-03 -9.889750e-03 -1.123500e-02 -7.530890e-03 -9.987870e-03 -1.289340e-02 -1.641790e-02 -1.480010e-02 -1.675850e-02 -2.172270e-02 -1.601050e-02 -2.461640e-02 -3.164200e-02 -2.809390e-02 -4.696840e-02  1.000000e+00 -4.061790e-02 -3.120770e-02 -2.601930e-02
 2.485430e-03  3.152920e-03  1.506390e-03 -7.910000e-04  3.898940e-03  2.292780e-03 -1.611980e-04  4.562280e-03 -2.590570e-04 -1.916610e-03 -1.449390e-03 -6.854100e-03 -6.317430e-04 -9.463480e-03 -7.773960e-03 -1.360700e-02 -1.225870e-02 -1.312470e-02 -8.169930e-03 -1.222590e-02 -5.744910e-03 -9.856470e-03 -7.586340e-03 -7.717710e-03 -1.709470e-02 -1.602830e-02 -2.422750e-02 -2.252080e-02 -4.061790e-02  1.000000e+00 -3.900980e-02 -3.117010e-02
-3.068700e-03  2.742470e-03 -1.741620e-03  2.318570e-03  7.671590e-04  3.358220e-04  4.429980e-03 -1.776510e-03  4.643440e-03 -8.278180e-04 -3.287210e-03 -1.897590e-03 -6.126680e-03 -3.625430e-03 -1.197960e-02 -1.652360e-02 -1.296610e-02 -9.590960e-03 -9.919220e-03 -6.428070e-03 -4.297990e-03 -6.002500e-03 -5.526610e-03 -5.851860e-03 -1.104290e-02 -1.730760e-02 -1.422720e-02 -2.112360e-02 -3.120770e-02 -3.900980e-02  1.000000e+00 -4.022270e-02
 2.136370e-03 -3.212220e-03  1.326630e-04 -2.163900e-03  1.000380e-03  9.863731e-04  5.333150e-05  1.992870e-03 -5.265120e-05 -6.264110e-05 -3.017670e-04 -5.382420e-03  6.227480e-04 -9.951090e-03 -5.790850e-04 -9.917140e-03 -7.364910e-03 -8.944290e-03 -7.832240e-03 -4.907550e-03 -5.264970e-03 -4.267230e-03 -3.973820e-03 -4.204380e-03 -1.394310e-02 -1.166790e-02 -1.763220e-02 -1.789650e-02 -2.601930e-02 -3.117010e-02 -4.022270e-02  1.000000e+00
