 1.000000e+00 -4.652160e-02 -1.459520e-02  2.109230e-03 -6.675880e-03 -2.238530e-03 -3.128300e-03  4.694540e-03 -6.426090e-03 -1.589430e-03 -4.831690e-03 -5.496190e-03 -2.174150e-03 -6.181320e-03 -4.155860e-03 -9.561650e-03 -5.010340e-03 -5.049590e-03 -6.128090e-03  4.133430e-04 -7.339990e-03 -1.796980e-03 -1.901070e-03 -4.038760e-03 -4.260590e-03  2.187390e-03 -7.509110e-03  3.764370e-03 -2.627450e-03 -2.921310e-03 -9.383430e-04  4.897940e-03
-4.652160e-02  1.000000e+00 -1.871180e-02 -4.976100e-03 -7.579030e-04 -2.602330e-04 -2.371620e-03 -1.003190e-03  2.344760e-04 -1.579850e-03 -2.228640e-03  1.454740e-03 -3.656170e-03  1.158870e-03 -2.656190e-03 -2.443480e-03 -9.387560e-04 -3.203250e-03  2.041560e-04 -4.978340e-03  1.960170e-03 -4.997810e-03  3.647150e-03 -5.329310e-03  2.928770e-03 -2.362950e-03  1.473820e-03 -4.610530e-05 -1.941050e-03  1.358000e-03  1.106720e-03 -4.205960e-03
-1.459520e-02 -1.871180e-02  1.000000e+00 -1.581350e-02 -5.257130e-03 -5.642840e-03 -4.356780e-03 -4.699340e-03 -3.612970e-03 -3.906870e-03 -3.839110e-03 -6.316210e-03 -1.354710e-03 -2.845600e-03 -7.650400e-04 -2.734910e-03 -2.442590e-03 -1.640010e-04 -2.347670e-03  2.842120e-04 -1.215040e-03 -1.444490e-03 -5.712090e-03 -3.101730e-03 -6.912610e-05  1.192140e-03 -3.089010e-04  1.174980e-04 -1.252440e-03  1.291480e-04  2.051980e-03  3.228130e-03
 2.109230e-03 -4.976100e-03 -1.581350e-02  1.000000e+00 -1.969560e-02 -8.553960e-03 -9.838900e-03 -8.605490e-03 -7.247090e-03 -3.983130e-03 -2.861890e-03 -3.816460e-03 -2.485620e-03 -3.712150e-03 -5.628200e-03 -3.128200e-03 -2.456470e-03  1.024200e-03 -6.279720e-04 -4.969600e-03 -3.647940e-03 -4.843280e-03 -5.578850e-03 -4.107020e-03 -2.433120e-03 -4.537320e-04 -1.127120e-03 -1.513510e-03 -2.274670e-03 -4.435640e-04  1.259160e-03  3.628980e-03
-6.675880e-03 -7.579030e-04 -5.257130e-03 -1.969560e-02  1.000000e+00 -2.530520e-02 -9.007840e-03 -1.217870e-02 -8.767480e-03 -4.752990e-03 -4.686570e-03 -4.992730e-03 -3.644900e-03 -3.374010e-03 -3.662220e-03 -5.335220e-03 -1.501480e-03 -2.902740e-03 -4.301900e-03 -3.319490e-03 -3.313730e-03 -4.875670e-03 -3.521740e-03 -3.716730e-03 -1.894150e-03 -1.831280e-03 -1.905430e-03 -6.905870e-04 -1.173880e-03 -1.867990e-03  9.864040e-04  1.388830e-03
-2.238530e-03 -2.602330e-04 -5.642840e-03 -8.553960e-03 -2.530520e-02  1.000000e+00 -3.403810e-02 -1.835540e-02 -1.497590e-02 -9.642140e-03 -5.013700e-03 -3.994610e-03 -4.798560e-03 -1.302810e-03 -5.161120e-03 -8.110100e-04 -5.576860e-03 -1.755320e-03 -4.562890e-03 -2.414900e-03 -3.530220e-03 -3.746940e-03 -2.876160e-03 -3.490370e-03  1.905920e-03 -4.338520e-03  2.717030e-03 -2.768510e-03 -4.573380e-03 -7.827420e-04 -2.331070e-03  2.012940e-03
-3.128300e-03 -2.371620e-03 -4.356780e-03 -9.838900e-03 -9.007840e-03 -3.403810e-02  1.000000e+00 -4.217510e-02 -2.366640e-02 -1.659030e-02 -1.062520e-02 -1.132170e-02 -6.667250e-03 -7.730960e-03 -4.089460e-03 -4.360230e-03 -3.902910e-03 -6.114470e-03 -2.931490e-03 -5.847370e-03 -2.455700e-03 -2.899280e-03 -5.236540e-03 -2.303940e-03 -3.881780e-03  4.759750e-04 -2.526860e-03  8.766620e-04 -3.197580e-03 -2.805700e-03 -1.478430e-03 -2.854570e-03
 4.694540e-03 -1.003190e-03 -4.699340e-03 -8.605490e-03 -1.217870e-02 -1.835540e-02 -4.217510e-02  1.000000e+00 -4.386640e-02 -1.959520e-02 -1.721810e-02 -1.108150e-02 -1.190120e-02 -7.120650e-03 -7.634810e-03 -6.190010e-03 -6.869120e-03 -6.259180e-03 -7.754810e-03 -6.145110e-03 -4.508910e-03 -5.045450e-03 -1.065760e-03 -4.876290e-03 -1.867380e-05 -3.512350e-03 -1.718240e-03 -1.582980e-03 -2.368930e-03 -1.103700e-03 -9.640810e-04 -5.645910e-04
-6.426090e-03  2.344760e-04 -3.612970e-03 -7.247090e-03 -8.767480e-03 -1.497590e-02 -2.366640e-02 -4.386640e-02  1.000000e+00 -4.150630e-02 -1.704240e-02 -1.721870e-02 -8.618320e-03 -8.222660e-03 -6.544210e-03 -5.817110e-03 -6.090560e-03 -7.484850e-03 -6.554190e-03 -7.588580e-03 -4.624920e-03 -3.406270e-03 -4.964890e-03 -2.004700e-03 -1.928510e-03 -3.026930e-03 -9.911370e-04 -2.382110e-03 -1.246050e-03 -1.311080e-03 -7.646610e-04 -2.189740e-03
-1.589430e-03 -1.579850e-03 -3.906870e-03 -3.983130e-03 -4.752990e-03 -9.642140e-03 -1.659030e-02 -1.959520e-02 -4.150630e-02  1.000000e+00 -3.681510e-02 -1.155990e-02 -1.599850e-02 -7.541270e-03 -1.007110e-02 -5.927070e-03 -5.734260e-03 -6.764340e-03 -6.836450e-03 -6.291940e-03 -4.643780e-03 -4.410150e-03 -4.393880e-03 -3.467540e-03 -3.941970e-03 -1.070180e-03 -2.794970e-03 -4.651380e-04 -1.834460e-03  1.445280e-05 -1.225990e-03 -1.379860e-03
-4.831690e-03 -2.228640e-03 -3.839110e-03 -2.861890e-03 -4.686570e-03 -5.013700e-03 -1.062520e-02 -1.721810e-02 -1.704240e-02 -3.681510e-02  1.000000e+00 -4.255600e-02 -1.689820e-02 -2.006370e-02 -9.466870e-03 -9.379260e-03 -8.122180e-03 -6.995150e-03 -5.506600e-03 -7.590040e-03 -2.066160e-03 -5.960290e-03 -3.366290e-03 -4.864260e-03 -1.299290e-03 -6.718030e-03  6.549750e-04 -5.002280e-04  4.114170e-04 -2.143140e-03 -1.372420e-04 -3.219580e-03
-5.496190e-03  1.454740e-03 -6.316210e-03 -3.816460e-03 -4.992730e-03 -3.994610e-03 -1.132170e-02 -1.108150e-02 -1.721870e-02 -1.155990e-02 -4.255600e-02  1.000000e+00 -4.356050e-02 -1.666270e-02 -1.754090e-02 -7.753480e-03 -9.660400e-03 -6.692610e-03 -6.118690e-03 -3.314840e-03 -4.974930e-03 -3.306690e-03 -4.649420e-03 -5.930620e-03 -5.364420e-03 -2.153700e-03 -3.537680e-03  2.187250e-04 -3.118210e-03  1.901320e-03  7.699910e-04  1.340090e-03
-2.174150e-03 -3.656170e-03 -1.354710e-03 -2.485620e-03 -3.644900e-03 -4.798560e-03 -6.667250e-03 -1.190120e-02 -8.618320e-03 -1.599850e-02 -1.689820e-02 -4.356050e-02  1.000000e+00 -4.323860e-02 -1.649190e-02 -1.584810e-02 -9.329790e-03 -8.265810e-03 -4.826920e-03 -5.731440e-03 -2.728260e-03 -6.732870e-03 -4.785760e-03 -5.945920e-03 -5.594390e-03 -7.123500e-03 -2.684650e-03 -2.347360e-03  2.395390e-04  3.905170e-04  2.960990e-03  8.087080e-04
-6.181320e-03  1.158870e-03 -2.845600e-03 -3.712150e-03 -3.374010e-03 -1.302810e-03 -7.730960e-03 -7.120650e-03 -8.222660e-03 -7.541270e-03 -2.006370e-02 -1.666270e-02 -4.323860e-02  1.000000e+00 -3.840360e-02 -1.393800e-02 -1.461240e-02 -8.709230e-03 -7.456670e-03 -3.666800e-03 -4.757930e-03 -5.045100e-03 -6.113740e-03 -5.345380e-03 -5.909170e-03 -5.009400e-03 -2.103550e-03 -2.971950e-03 -1.960010e-03  6.624990e-04  2.816040e-03 -1.915100e-04
-4.155860e-03 -2.656190e-03 -7.650400e-04 -5.628200e-03 -3.662220e-03 -5.161120e-03 -4.089460e-03 -7.634810e-03 -6.544210e-03 -1.007110e-02 -9.466870e-03 -1.754090e-02 -1.649190e-02 -3.840360e-02  1.000000e+00 -3.284040e-02 -1.180560e-02 -1.442620e-02 -6.954840e-03 -8.303860e-03 -2.811630e-03 -6.917590e-03 -5.147780e-03 -6.788810e-03 -5.130200e-03 -5.933990e-03 -2.115920e-03 -2.090980e-03 -1.465050e-03  6.568830e-04  6.000030e-05  7.372550e-04
-9.561650e-03 -2.443480e-03 -2.734910e-03 -3.128200e-03 -5.335220e-03 -8.110100e-04 -4.360230e-03 -6.190010e-03 -5.817110e-03 -5.927070e-03 -9.379260e-03 -7.753480e-03 -1.584810e-02 -1.393800e-02 -3.284040e-02  1.000000e+00 -3.739860e-02 -1.760080e-02 -1.643820e-02 -1.061590e-02 -7.973310e-03 -6.809350e-03 -4.906650e-03 -4.299720e-03 -6.007380e-03 -4.106760e-03 -2.538960e-03 -1.279630e-03 -4.818150e-05  2.310780e-03  2.051010e-03 -2.041600e-03
-5.010340e-03 -9.387560e-04 -2.442590e-03 -2.456470e-03 -1.501480e-03 -5.576860e-03 -3.902910e-03 -6.869120e-03 -6.090560e-03 -5.734260e-03 -8.122180e-03 -9.660400e-03 -9.329790e-03 -1.461240e-02 -1.180560e-02 -3.739860e-02  1.000000e+00 -4.110910e-02 -2.013050e-02 -1.703240e-02 -9.427640e-03 -8.677680e-03 -6.452320e-03 -7.188590e-03 -7.641240e-03 -5.396420e-03 -5.029360e-03 -4.847530e-03 -4.436560e-05 -2.843750e-04  7.210190e-04 -5.856900e-05
-5.049590e-03 -3.203250e-03 -1.640010e-04  1.024200e-03 -2.902740e-03 -1.755320e-03 -6.114470e-03 -6.259180e-03 -7.484850e-03 -6.764340e-03 -6.995150e-03 -6.692610e-03 -8.265810e-03 -8.709230e-03 -1.442620e-02 -1.760080e-02 -4.110910e-02  1.000000e+00 -4.352400e-02 -2.311310e-02 -1.770020e-02 -1.368500e-02 -9.709320e-03 -1.072400e-02 -7.322850e-03 -9.141710e-03 -6.187390e-03 -5.138940e-03 -4.339840e-03 -2.892440e-04 -3.080310e-03 -2.973460e-03
-6.128090e-03  2.041560e-04 -2.347670e-03 -6.279720e-04 -4.301900e-03 -4.562890e-03 -2.931490e-03 -7.754810e-03 -6.554190e-03 -6.836450e-03 -5.506600e-03 -6.118690e-03 -4.826920e-03 -7.456670e-03 -6.954840e-03 -1.643820e-02 -2.013050e-02 -4.352400e-02  1.000000e+00 -4.681260e-02 -2.240310e-02 -1.978130e-02 -1.389640e-02 -1.063710e-02 -1.213010e-02 -7.502570e-03 -1.082860e-02 -6.842940e-03 -1.209970e-03 -1.314260e-03  1.722880e-03 -2.032880e-03
 4.133430e-04 -4.978340e-03  2.842120e-04 -4.969600e-03 -3.319490e-03 -2.414900e-03 -5.847370e-03 -6.145110e-03 -7.588580e-03 -6.291940e-03 -7.590040e-03 -3.314840e-03 -5.731440e-03 -3.666800e-03 -8.303860e-03 -1.061590e-02 -1.703240e-02 -2.311310e-02 -4.681260e-02  1.000000e+00 -4.539490e-02 -1.982260e-02 -1.776280e-02 -1.407740e-02 -1.224260e-02 -1.275940e-02 -9.984450e-03 -6.330530e-03 -4.629590e-03 -5.183700e-04 -2.192920e-03  7.000530e-04
-7.339990e-03  1.960170e-03 -1.215040e-03 -3.647940e-03 -3.313730e-03 -3.530220e-03 -2.455700e-03 -4.508910e-03 -4.624920e-03 -4.643780e-03 -2.066160e-03 -4.974930e-03 -2.728260e-03 -4.757930e-03 -2.811630e-03 -7.973310e-03 -9.427640e-03 -1.770020e-02 -2.240310e-02 -4.539490e-02  1.000000e+00 -3.565770e-02 -1.880060e-02 -2.117590e-02 -1.466970e-02 -1.243070e-02 -9.930130e-03 -8.492980e-03 -3.951360e-03 -3.126920e-03  1.869130e-03  2.521130e-04
-1.796980e-03 -4.997810e-03 -1.444490e-03 -4.843280e-03 -4.875670e-03 -3.746940e-03 -2.899280e-03 -5.045450e-03 -3.406270e-03 -4.410150e-03 -5.960290e-03 -3.306690e-03 -6.732870e-03 -5.045100e-03 -6.917590e-03 -6.809350e-03 -8.677680e-03 -1.368500e-02 -1.978130e-02 -1.982260e-02 -3.565770e-02  1.000000e+00 -4.097480e-02 -2.543450e-02 -2.395330e-02 -1.363140e-02 -1.321430e-02 -8.066240e-03 -8.176790e-03 -4.301340e-03 -6.793400e-05 -1.460050e-03
-1.901070e-03  3.647150e-03 -5.712090e-03 -5.578850e-03 -3.521740e-03 -2.876160e-03 -5.236540e-03 -1.065760e-03 -4.964890e-03 -4.393880e-03 -3.366290e-03 -4.649420e-03 -4.785760e-03 -6.113740e-03 -5.147780e-03 -4.906650e-03 -6.452320e-03 -9.709320e-03 -1.389640e-02 -1.776280e-02 -1.880060e-02 -4.097480e-02  1.000000e+00 -5.197440e-02 -2.574320e-02 -2.183410e-02 -1.264670e-02 -1.127390e-02 -8.930750e-03 -6.309530e-03 -2.711590e-03 -1.088420e-03
-4.038760e-03 -5.329310e-03 -3.101730e-03 -4.107020e-03 -3.716730e-03 -3.490370e-03 -2.303940e-03 -4.876290e-03 -2.004700e-03 -3.467540e-03 -4.864260e-03 -5.930620e-03 -5.945920e-03 -5.345380e-03 -6.788810e-03 -4.299720e-03 -7.188590e-03 -1.072400e-02 -1.063710e-02 -1.407740e-02 -2.117590e-02 -2.543450e-02 -5.197440e-02  1.000000e+00 -5.252650e-02 -2.384390e-02 -2.271270e-02 -1.305650e-02 -1.266370e-02 -9.569030e-03 -4.859010e-03 -4.271600e-03
-4.260590e-03  2.928770e-03 -6.912610e-05 -2.433120e-03 -1.894150e-03  1.905920e-03 -3.881780e-03 -1.867380e-05 -1.928510e-03 -3.941970e-03 -1.299290e-03 -5.364420e-03 -5.594390e-03 -5.909170e-03 -5.130200e-03 -6.007380e-03 -7.641240e-03 -7.322850e-03 -1.213010e-02 -1.224260e-02 -1.466970e-02 -2.395330e-02 -2.574320e-02 -5.252650e-02  1.000000e+00 -4.956430e-02 -2.346890e-02 -2.159240e-02 -1.465660e-02 -1.096540e-02 -9.687740e-03 -4.875120e-03
 2.187390e-03 -2.362950e-03  1.192140e-03 -4.537320e-04 -1.831280e-03 -4.338520e-03  4.759750e-04 -3.512350e-03 -3.026930e-03 -1.070180e-03 -6.718030e-03 -2.153700e-03 -7.123500e-03 -5.009400e-03 -5.933990e-03 -4.106760e-03 -5.396420e-03 -9.141710e-03 -7.502570e-03 -1.275940e-02 -1.243070e-02 -1.363140e-02 -2.183410e-02 -2.384390e-02 -4.956430e-02  1.000000e+00 -5.450360e-02 -2.926170e-02 -2.221880e-02 -1.687650e-02 -1.017850e-02 -9.684590e-03
-7.509110e-03  1.473820e-03 -3.089010e-04 -1.127120e-03 -1.905430e-03  2.717030e-03 -2.526860e-03 -1.718240e-03 -9.911370e-04 -2.794970e-03  6.549750e-04 -3.537680e-03 -2.684650e-03 -2.103550e-03 -2.115920e-03 -2.538960e-03 -5.029360e-03 -6.187390e-03 -1.082860e-02 -9.984450e-03 -9.930130e-03 -1.321430e-02 -1.264670e-02 -2.271270e-02 -2.346890e-02 -5.450360e-02  1.000000e+00 -5.395340e-02 -2.702770e-02 -2.236530e-02 -1.720880e-02 -9.883330e-03
 3.764370e-03 -4.610530e-05  1.174980e-04 -1.513510e-03 -6.905870e-04 -2.768510e-03  8.766620e-04 -1.582980e-03 -2.382110e-03 -4.651380e-04 -5.002280e-04  2.187250e-04 -2.347360e-03 -2.971950e-03 -2.090980e-03 -1.279630e-03 -4.847530e-03 -5.138940e-03 -6.842940e-03 -6.330530e-03 -8.492980e-03 -8.066240e-03 -1.127390e-02 -1.305650e-02 -2.159240e-02 -2.926170e-02 -5.395340e-02  1.000000e+00 -5.099580e-02 -2.946020e-02 -2.673130e-02 -1.493340e-02
-2.627450e-03 -1.941050e-03 -1.252440e-03 -2.274670e-03 -1.173880e-03 -4.573380e-03 -3.197580e-03 -2.368930e-03 -1.246050e-03 -1.834460e-03  4.114170e-04 -3.118210e-03  2.395390e-04 -1.960010e-03 -1.465050e-03 -4.818150e-05 -4.436560e-05 -4.339840e-03 -1.209970e-03 -4.629590e-03 -3.951360e-03 -8.176790e-03 -8.930750e-03 -1.266370e-02 -1.465660e-02 -2.221880e-02 -2.702770e-02 -5.099580e-02  1.000000e+00 -5.348790e-02 -2.976290e-02 -2.386800e-02
-2.921310e-03  1.358000e-03  1.291480e-04 -4.435640e-04 -1.867990e-03 -7.827420e-04 -2.805700e-03 -1.103700e-03 -1.311080e-03  1.445280e-05 -2.143140e-03  1.901320e-03  3.905170e-04  6.624990e-04  6.568830e-04  2.310780e-03 -2.843750e-04 -2.892440e-04 -1.314260e-03 -5.183700e-04 -3.126920e-03 -4.301340e-03 -6.309530e-03 -9.569030e-03 -1.096540e-02 -1.687650e-02 -2.236530e-02 -2.946020e-02 -5.348790e-02  1.000000e+00 -5.665720e-02 -2.735920e-02
-9.383430e-04  1.106720e-03  2.051980e-03  1.259160e-03  9.864040e-04 -2.331070e-03 -1.478430e-03 -9.640810e-04 -7.646610e-04 -1.225990e-03 -1.372420e-04  7.699910e-04  2.960990e-03  2.816040e-03  6.000030e-05  2.051010e-03  7.210190e-04 -3.080310e-03  1.722880e-03 -2.192920e-03  1.869130e-03 -6.793400e-05 -2.711590e-03 -4.859010e-03 -9.687740e-03 -1.017850e-02 -1.720880e-02 -2.673130e-02 -2.976290e-02 -5.665720e-02  1.000000e+00 -5.171580e-02
 4.897940e-03 -4.205960e-03  3.228130e-03  3.628980e-03  1.388830e-03  2.012940e-03 -2.854570e-03 -5.645910e-04 -2.189740e-03 -1.379860e-03 -3.219580e-03  1.340090e-03  8.087080e-04 -1.915100e-04  7.372550e-04 -2.041600e-03 -5.856900e-05 -2.973460e-03 -2.032880e-03  7.000530e-04  2.521130e-04 -1.460050e-03 -1.088420e-03 -4.271600e-03 -4.875120e-03 -9.684590e-03 -9.883330e-03 -1.493340e-02 -2.386800e-02 -2.735920e-02 -5.171580e-02  1.000000e+00
