 1.000000e+00 -7.593530e-02 -1.970350e-02 -9.042680e-03 -6.595980e-03 -8.359080e-04 -9.138520e-03 -5.617560e-03 -5.155310e-03 -1.002840e-02 -8.486820e-03 -8.655830e-03 -7.111760e-03 -3.635020e-03 -3.574340e-03 -9.219310e-03 -6.701320e-04 -1.011360e-02 -1.527290e-04 -3.924000e-03 -1.186180e-03  4.135180e-03 -1.180130e-03  7.000430e-04 -1.095220e-03  1.405290e-03 -2.769240e-04  4.884630e-03  5.407180e-03 -1.112110e-02 -2.968770e-03 -8.021950e-04
-7.593530e-02  1.000000e+00 -2.697060e-02 -7.532020e-03 -2.339740e-03 -1.335620e-02 -3.032000e-03 -1.294700e-02 -8.728560e-03 -4.843110e-03 -7.792610e-03 -5.312440e-03 -6.010780e-03 -3.507480e-03 -7.565070e-03 -3.888870e-03 -1.615530e-03 -2.399310e-03 -5.003440e-03 -4.520020e-03 -1.065590e-03 -6.636960e-03  1.046010e-04 -3.860530e-03 -8.408430e-04 -9.956610e-04 -1.714900e-03  2.027440e-03  7.936220e-04  8.659920e-03  4.211270e-03 -8.476230e-04
-1.970350e-02 -2.697060e-02  1.000000e+00 -1.932720e-02 -1.183040e-02 -4.138760e-03 -1.107690e-02 -4.561010e-03 -6.129300e-03 -7.566250e-03 -4.004050e-03 -6.857750e-03 -4.042650e-03 -8.986410e-03 -8.090550e-03 -4.261590e-03  6.046520e-05 -5.703950e-03 -5.557890e-03 -4.963080e-03 -1.002130e-04 -5.874790e-04 -2.521540e-05 -1.714940e-04 -8.347580e-04  2.189980e-03  1.383750e-02  8.422670e-03 -2.139270e-04  1.305640e-04  2.569210e-04  1.973890e-03
-9.042680e-03 -7.532020e-03 -1.932720e-02  1.000000e+00 -2.724310e-02 -1.373780e-02 -1.593790e-02 -1.268240e-02 -1.316050e-02 -6.856920e-03 -6.555500e-03 -6.948880e-03 -6.798720e-03 -9.011220e-03 -5.367430e-03 -7.290470e-03 -5.579870e-04 -6.729410e-03 -4.926890e-03 -6.436850e-03  6.036080e-04 -6.464860e-03 -5.381160e-04 -6.037880e-03 -2.651990e-03 -3.282200e-03 -1.190140e-02  3.446380e-03 -1.489300e-03 -1.362560e-04  1.077150e-03 -1.650990e-04
-6.595980e-03 -2.339740e-03 -1.183040e-02 -2.724310e-02  1.000000e+00 -3.778670e-02 -9.159790e-03 -2.000430e-02 -8.325220e-03 -7.969290e-03 -8.691160e-03 -6.355330e-03 -8.805890e-03 -6.311910e-03 -8.632720e-03 -7.816940e-03 -1.565710e-03 -6.744040e-03 -2.903390e-03 -5.493050e-03  2.698630e-03 -3.867010e-03  1.068500e-03 -4.312280e-03 -2.777220e-03 -3.588610e-03 -8.085060e-04 -7.031420e-03  9.060050e-04 -2.573330e-04  3.365310e-04  1.011130e-03
-8.359080e-04 -1.335620e-02 -4.138760e-03 -1.373780e-02 -3.778670e-02  1.000000e+00 -4.263280e-02 -1.195590e-02 -2.060790e-02 -1.144740e-02 -8.219430e-03 -1.142680e-02 -4.917250e-03 -1.213050e-02 -5.531510e-03 -8.470800e-03 -1.173290e-03 -6.155220e-03 -2.690650e-03 -5.264180e-03  2.763380e-04 -4.113070e-03 -9.265700e-04 -6.515320e-03 -2.602920e-03 -1.448580e-03  2.273990e-03 -3.414920e-03 -9.976260e-04  1.875670e-03  1.368900e-03  1.490590e-04
-9.138520e-03 -3.032000e-03 -1.107690e-02 -1.593790e-02 -9.159790e-03 -4.263280e-02  1.000000e+00 -4.987540e-02 -1.129980e-02 -1.800810e-02 -1.388980e-02 -7.935400e-03 -1.417110e-02 -6.525120e-03 -1.381060e-02 -8.681620e-03 -1.118790e-03 -7.132850e-03 -6.205710e-03 -6.967590e-03  5.086120e-04 -9.896550e-03  3.052990e-03 -5.237310e-03 -3.289940e-03 -1.547430e-03 -7.884330e-03 -2.834970e-03  1.978490e-03 -2.529070e-03  9.572480e-04 -3.230060e-04
-5.617560e-03 -1.294700e-02 -4.561010e-03 -1.268240e-02 -2.000430e-02 -1.195590e-02 -4.987540e-02  1.000000e+00 -4.730120e-02 -1.323050e-02 -1.805740e-02 -1.685930e-02 -7.522240e-03 -1.696390e-02 -4.665340e-03 -1.336160e-02 -1.318860e-03 -8.908430e-03 -3.428310e-03 -3.704210e-03  1.334210e-03 -6.175780e-03 -2.439910e-03 -7.838030e-03 -3.395200e-03 -4.959100e-04  2.432740e-03 -4.311660e-05 -5.313060e-04 -4.564840e-04  1.592180e-04  1.340210e-03
-5.155310e-03 -8.728560e-03 -6.129300e-03 -1.316050e-02 -8.325220e-03 -2.060790e-02 -1.129980e-02 -4.730120e-02  1.000000e+00 -3.836230e-02 -1.103660e-02 -1.636190e-02 -1.789050e-02 -8.254970e-03 -1.880630e-02 -8.686820e-03 -1.101950e-03 -1.115260e-02 -6.905300e-03 -1.023420e-02 -2.458020e-04 -8.261360e-03  3.286110e-03 -4.047900e-03 -2.927770e-03 -2.942410e-03 -2.447470e-03 -5.049130e-03 -1.195810e-03  2.637150e-03  1.666320e-04  1.076100e-03
-1.002840e-02 -4.843110e-03 -7.566250e-03 -6.856920e-03 -7.969290e-03 -1.144740e-02 -1.800810e-02 -1.323050e-02 -3.836230e-02  1.000000e+00 -4.074860e-02 -1.507100e-02 -1.820990e-02 -1.468890e-02 -9.028700e-03 -1.768220e-02 -8.285990e-04 -9.118060e-03 -6.821400e-03 -5.508370e-03  3.588290e-04 -6.862680e-03 -1.000210e-03 -3.476220e-03 -4.749840e-03  8.912310e-04 -4.815290e-03  3.189810e-03 -7.846120e-04 -2.221290e-03 -1.101810e-03 -1.657260e-03
-8.486820e-03 -7.792610e-03 -4.004050e-03 -6.555500e-03 -8.691160e-03 -8.219430e-03 -1.388980e-02 -1.805740e-02 -1.103660e-02 -4.074860e-02  1.000000e+00 -4.039790e-02 -1.327910e-02 -1.926630e-02 -1.561820e-02 -7.537280e-03 -1.934990e-03 -1.255680e-02 -8.311800e-04 -5.406600e-03 -4.196120e-04 -4.693170e-03 -5.324360e-04 -6.902160e-03  6.116630e-04  5.023230e-03  6.207610e-03 -3.466040e-03 -9.462560e-04  3.545970e-03 -2.967280e-04  6.016810e-03
-8.655830e-03 -5.312440e-03 -6.857750e-03 -6.948880e-03 -6.355330e-03 -1.142680e-02 -7.935400e-03 -1.685930e-02 -1.636190e-02 -1.507100e-02 -4.039790e-02  1.000000e+00 -4.078550e-02 -1.395460e-02 -2.149640e-02 -1.672780e-02 -2.333210e-03 -1.318660e-02 -8.039220e-03 -1.153070e-02  8.194350e-04 -8.744970e-03  1.310740e-03 -2.338570e-03 -5.277490e-03 -4.273990e-04 -1.330760e-02  1.788890e-03 -1.296360e-04 -3.342850e-04  6.825560e-04 -2.213240e-03
-7.111760e-03 -6.010780e-03 -4.042650e-03 -6.798720e-03 -8.805890e-03 -4.917250e-03 -1.417110e-02 -7.522240e-03 -1.789050e-02 -1.820990e-02 -1.327910e-02 -4.078550e-02  1.000000e+00 -4.141260e-02 -1.276480e-02 -1.936100e-02  9.427690e-04 -1.178620e-02 -5.010970e-03 -7.695910e-03  1.980470e-04 -6.656090e-03 -1.506860e-03 -1.000620e-02 -6.522690e-04 -5.855450e-03  1.685940e-02  1.303240e-03 -7.506880e-04  9.648770e-04  3.521920e-04  2.803110e-03
-3.635020e-03 -3.507480e-03 -8.986410e-03 -9.011220e-03 -6.311910e-03 -1.213050e-02 -6.525120e-03 -1.696390e-02 -8.254970e-03 -1.468890e-02 -1.926630e-02 -1.395460e-02 -4.141260e-02  1.000000e+00 -3.938470e-02 -9.215390e-03 -2.601880e-03 -1.544160e-02 -1.077300e-02 -1.587080e-02  5.244470e-04 -1.262460e-02  2.452650e-03 -1.366120e-03 -4.940260e-03  7.876660e-05 -6.156540e-03 -6.517550e-05 -5.156390e-05  2.851140e-04  5.692100e-04  7.320240e-04
-3.574340e-03 -7.565070e-03 -8.090550e-03 -5.367430e-03 -8.632720e-03 -5.531510e-03 -1.381060e-02 -4.665340e-03 -1.880630e-02 -9.028700e-03 -1.561820e-02 -2.149640e-02 -1.276480e-02 -3.938470e-02  1.000000e+00 -3.786580e-02 -4.668350e-04 -1.809790e-02 -7.415660e-03 -7.811870e-03 -1.833490e-03 -6.762480e-03 -3.414120e-03 -1.171490e-02 -9.662220e-04 -3.171310e-03  3.154300e-03 -2.834480e-03 -8.711050e-04  1.793210e-03 -1.380450e-03 -8.937150e-04
-9.219310e-03 -3.888870e-03 -4.261590e-03 -7.290470e-03 -7.816940e-03 -8.470800e-03 -8.681620e-03 -1.336160e-02 -8.686820e-03 -1.768220e-02 -7.537280e-03 -1.672780e-02 -1.936100e-02 -9.215390e-03 -3.786580e-02  1.000000e+00 -5.506820e-03 -1.020740e-02 -1.344180e-02 -1.728520e-02  8.439160e-05 -1.113200e-02  2.115200e-02 -3.581300e-03 -5.795520e-03 -2.848520e-03 -4.643270e-03 -4.410020e-04 -4.687500e-03 -2.795130e-03  4.272710e-05  5.860280e-03
-6.701320e-04 -1.615530e-03  6.046520e-05 -5.579870e-04 -1.565710e-03 -1.173290e-03 -1.118790e-03 -1.318860e-03 -1.101950e-03 -8.285990e-04 -1.934990e-03 -2.333210e-03  9.427690e-04 -2.601880e-03 -4.668350e-04 -5.506820e-03  1.000000e+00 -3.309700e-03 -1.158220e-03 -3.247330e-03 -3.792900e-03 -1.666670e-03 -1.069840e-03 -2.592880e-03  8.366060e-03  5.318970e-04  4.110570e-04 -3.605830e-06 -9.061630e-04  4.952880e-04 -7.475000e-04 -1.681000e-04
-1.011360e-02 -2.399310e-03 -5.703950e-03 -6.729410e-03 -6.744040e-03 -6.155220e-03 -7.132850e-03 -8.908430e-03 -1.115260e-02 -9.118060e-03 -1.255680e-02 -1.318660e-02 -1.178620e-02 -1.544160e-02 -1.809790e-02 -1.020740e-02 -3.309700e-03  1.000000e+00 -3.472510e-02 -1.451990e-02 -3.584870e-04 -1.197410e-02 -1.649020e-03 -1.021580e-02 -6.763130e-03 -1.120970e-02 -9.790990e-03 -4.186470e-04  2.012680e-03 -5.229470e-04 -4.598950e-04  8.795970e-04
-1.527290e-04 -5.003440e-03 -5.557890e-03 -4.926890e-03 -2.903390e-03 -2.690650e-03 -6.205710e-03 -3.428310e-03 -6.905300e-03 -6.821400e-03 -8.311800e-04 -8.039220e-03 -5.010970e-03 -1.077300e-02 -7.415660e-03 -1.344180e-02 -1.158220e-03 -3.472510e-02  1.000000e+00 -4.365970e-02  1.851350e-04 -1.290550e-02 -1.474170e-03 -1.095810e-02 -3.615440e-03 -2.556440e-03 -1.426670e-03 -5.240840e-04  1.407630e-04  1.502710e-03  1.181080e-05  7.077470e-04
-3.924000e-03 -4.520020e-03 -4.963080e-03 -6.436850e-03 -5.493050e-03 -5.264180e-03 -6.967590e-03 -3.704210e-03 -1.023420e-02 -5.508370e-03 -5.406600e-03 -1.153070e-02 -7.695910e-03 -1.587080e-02 -7.811870e-03 -1.728520e-02 -3.247330e-03 -1.451990e-02 -4.365970e-02  1.000000e+00 -1.506580e-03 -1.374440e-02 -2.315290e-03 -2.110680e-02 -7.365680e-03 -3.230960e-02 -8.685060e-03 -5.015020e-03  1.267480e-03  3.629060e-04  1.454890e-03 -2.692060e-04
-1.186180e-03 -1.065590e-03 -1.002130e-04  6.036080e-04  2.698630e-03  2.763380e-04  5.086120e-04  1.334210e-03 -2.458020e-04  3.588290e-04 -4.196120e-04  8.194350e-04  1.980470e-04  5.244470e-04 -1.833490e-03  8.439160e-05 -3.792900e-03 -3.584870e-04  1.851350e-04 -1.506580e-03  1.000000e+00 -1.622510e-03  5.088010e-04 -6.117650e-04  4.863160e-04 -6.325490e-04  2.206170e-04  2.267190e-04  7.931810e-04 -3.424950e-05  3.648780e-04  7.061300e-04
 4.135180e-03 -6.636960e-03 -5.874790e-04 -6.464860e-03 -3.867010e-03 -4.113070e-03 -9.896550e-03 -6.175780e-03 -8.261360e-03 -6.862680e-03 -4.693170e-03 -8.744970e-03 -6.656090e-03 -1.262460e-02 -6.762480e-03 -1.113200e-02 -1.666670e-03 -1.197410e-02 -1.290550e-02 -1.374440e-02 -1.622510e-03  1.000000e+00 -2.767060e-03 -2.270650e-02 -1.158860e-02 -1.769120e-02 -1.093670e-02 -3.927040e-02  2.054060e-03  6.812250e-03 -2.477260e-04 -9.420500e-03
-1.180130e-03  1.046010e-04 -2.521540e-05 -5.381160e-04  1.068500e-03 -9.265700e-04  3.052990e-03 -2.439910e-03  3.286110e-03 -1.000210e-03 -5.324360e-04  1.310740e-03 -1.506860e-03  2.452650e-03 -3.414120e-03  2.115200e-02 -1.069840e-03 -1.649020e-03 -1.474170e-03 -2.315290e-03  5.088010e-04 -2.767060e-03  1.000000e+00 -2.435120e-03 -2.710140e-03 -4.494910e-04 -8.441740e-04 -2.409860e-04 -8.215210e-03  1.788900e-04 -1.568560e-04  1.221990e-04
 7.000430e-04 -3.860530e-03 -1.714940e-04 -6.037880e-03 -4.312280e-03 -6.515320e-03 -5.237310e-03 -7.838030e-03 -4.047900e-03 -3.476220e-03 -6.902160e-03 -2.338570e-03 -1.000620e-02 -1.366120e-03 -1.171490e-02 -3.581300e-03 -2.592880e-03 -1.021580e-02 -1.095810e-02 -2.110680e-02 -6.117650e-04 -2.270650e-02 -2.435120e-03  1.000000e+00 -2.632750e-02 -1.417630e-02 -1.159980e-02 -9.557650e-03  2.912540e-03  1.251710e-03  6.759190e-04  2.144390e-03
-1.095220e-03 -8.408430e-04 -8.347580e-04 -2.651990e-03 -2.777220e-03 -2.602920e-03 -3.289940e-03 -3.395200e-03 -2.927770e-03 -4.749840e-03  6.116630e-04 -5.277490e-03 -6.522690e-04 -4.940260e-03 -9.662220e-04 -5.795520e-03  8.366060e-03 -6.763130e-03 -3.615440e-03 -7.365680e-03  4.863160e-04 -1.158860e-02 -2.710140e-03 -2.632750e-02  1.000000e+00 -1.600750e-02 -4.603650e-03 -2.457010e-03 -5.282120e-04  2.709080e-03 -3.763430e-04  1.752550e-03
 1.405290e-03 -9.956610e-04  2.189980e-03 -3.282200e-03 -3.588610e-03 -1.448580e-03 -1.547430e-03 -4.959100e-04 -2.942410e-03  8.912310e-04  5.023230e-03 -4.273990e-04 -5.855450e-03  7.876660e-05 -3.171310e-03 -2.848520e-03  5.318970e-04 -1.120970e-02 -2.556440e-03 -3.230960e-02 -6.325490e-04 -1.769120e-02 -4.494910e-04 -1.417630e-02 -1.600750e-02  1.000000e+00 -1.307420e-02 -3.446880e-03  6.501190e-04 -1.896330e-04  3.309900e-04  4.598390e-04
-2.769240e-04 -1.714900e-03  1.383750e-02 -1.190140e-02 -8.085060e-04  2.273990e-03 -7.884330e-03  2.432740e-03 -2.447470e-03 -4.815290e-03  6.207610e-03 -1.330760e-02  1.685940e-02 -6.156540e-03  3.154300e-03 -4.643270e-03  4.110570e-04 -9.790990e-03 -1.426670e-03 -8.685060e-03  2.206170e-04 -1.093670e-02 -8.441740e-04 -1.159980e-02 -4.603650e-03 -1.307420e-02  1.000000e+00 -3.738970e-03 -2.869530e-04  3.242470e-03 -1.389020e-04  1.934910e-04
 4.884630e-03  2.027440e-03  8.422670e-03  3.446380e-03 -7.031420e-03 -3.414920e-03 -2.834970e-03 -4.311660e-05 -5.049130e-03  3.189810e-03 -3.466040e-03  1.788890e-03  1.303240e-03 -6.517550e-05 -2.834480e-03 -4.410020e-04 -3.605830e-06 -4.186470e-04 -5.240840e-04 -5.015020e-03  2.267190e-04 -3.927040e-02 -2.409860e-04 -9.557650e-03 -2.457010e-03 -3.446880e-03 -3.738970e-03  1.000000e+00 -8.795030e-04 -2.928210e-03 -4.474620e-04  2.187960e-05
 5.407180e-03  7.936220e-04 -2.139270e-04 -1.489300e-03  9.060050e-04 -9.976260e-04  1.978490e-03 -5.313060e-04 -1.195810e-03 -7.846120e-04 -9.462560e-04 -1.296360e-04 -7.506880e-04 -5.156390e-05 -8.711050e-04 -4.687500e-03 -9.061630e-04  2.012680e-03  1.407630e-04  1.267480e-03  7.931810e-04  2.054060e-03 -8.215210e-03  2.912540e-03 -5.282120e-04  6.501190e-04 -2.869530e-04 -8.795030e-04  1.000000e+00  3.353820e-04  7.753090e-03  3.995200e-04
-1.112110e-02  8.659920e-03  1.305640e-04 -1.362560e-04 -2.573330e-04  1.875670e-03 -2.529070e-03 -4.564840e-04  2.637150e-03 -2.221290e-03  3.545970e-03 -3.342850e-04  9.648770e-04  2.851140e-04  1.793210e-03 -2.795130e-03  4.952880e-04 -5.229470e-04  1.502710e-03  3.629060e-04 -3.424950e-05  6.812250e-03  1.788900e-04  1.251710e-03  2.709080e-03 -1.896330e-04  3.242470e-03 -2.928210e-03  3.353820e-04  1.000000e+00  3.404830e-04  1.163830e-02
-2.968770e-03  4.211270e-03  2.569210e-04  1.077150e-03  3.365310e-04  1.368900e-03  9.572480e-04  1.592180e-04  1.666320e-04 -1.101810e-03 -2.967280e-04  6.825560e-04  3.521920e-04  5.692100e-04 -1.380450e-03  4.272710e-05 -7.475000e-04 -4.598950e-04  1.181080e-05  1.454890e-03  3.648780e-04 -2.477260e-04 -1.568560e-04  6.759190e-04 -3.763430e-04  3.309900e-04 -1.389020e-04 -4.474620e-04  7.753090e-03  3.404830e-04  1.000000e+00  1.263140e-03
-8.021950e-04 -8.476230e-04  1.973890e-03 -1.650990e-04  1.011130e-03  1.490590e-04 -3.230060e-04  1.340210e-03  1.076100e-03 -1.657260e-03  6.016810e-03 -2.213240e-03  2.803110e-03  7.320240e-04 -8.937150e-04  5.860280e-03 -1.681000e-04  8.795970e-04  7.077470e-04 -2.692060e-04  7.061300e-04 -9.420500e-03  1.221990e-04  2.144390e-03  1.752550e-03  4.598390e-04  1.934910e-04  2.187960e-05  3.995200e-04  1.163830e-02  1.263140e-03  1.000000e+00
