 1  1 2.2 1.084000e-03  1.814740e+01  5.239450e-01  7.874500e+00  4.414310e+00  5.303660e-01
 1  2 2.2 1.626000e-03  1.682860e+01  4.745330e-01  7.863230e+00  3.727200e+00  4.545730e-01
 1  3 2.2 2.168000e-03  1.733220e+01  4.752400e-01  8.052210e+00  3.100180e+00  4.259340e-01
 1  4 2.2 2.710000e-03  1.765820e+01  4.431560e-01  8.170640e+00  2.548080e+00  3.981740e-01
 1  5 2.2 3.252000e-03  1.595860e+01  4.049990e-01  8.305710e+00  2.079340e+00  3.375890e-01
 1  6 2.2 3.794000e-03  1.390080e+01  3.616450e-01  8.550620e+00  1.697030e+00  2.788430e-01
 1  7 2.2 4.336000e-03  1.339390e+01  3.505660e-01  8.719180e+00  1.399820e+00  2.535370e-01
 1  8 2.2 4.878000e-03  1.434260e+01  3.669500e-01  9.054110e+00  1.182880e+00  2.559790e-01
 1  9 2.2 5.420000e-03  1.403330e+01  3.736640e-01  9.418970e+00  1.038690e+00  2.412060e-01
 1 10 2.2 5.962000e-03  1.314740e+01  3.644930e-01  9.800900e+00  9.578020e-01  2.211850e-01
 1 11 2.2 6.504000e-03  1.283220e+01  3.507610e-01  1.016490e+01  9.294740e-01  2.131100e-01
 1 12 2.2 7.046000e-03  1.155600e+01  3.584180e-01  1.072030e+01  9.423160e-01  1.938670e-01
 1 13 2.2 7.588000e-03  1.104740e+01  3.464380e-01  1.117570e+01  9.848040e-01  1.883380e-01
 1 14 2.2 8.130000e-03  1.140290e+01  3.852160e-01  1.166910e+01  1.045750e+00  1.972170e-01
 1 15 2.2 8.672000e-03  1.119240e+01  3.776290e-01  1.241520e+01  1.114700e+00  2.002060e-01
 1 16 2.2 9.214000e-03  1.016030e+01  3.907180e-01  1.288530e+01  1.182270e+00  1.923530e-01
 1 17 2.2 9.756000e-03  9.728870e+00  4.083690e-01  1.361750e+01  1.240390e+00  1.948410e-01
 1 18 2.2 1.029800e-02  1.019740e+01  4.160680e-01  1.437550e+01  1.282530e+00  2.130570e-01
 1 19 2.2 1.084000e-02  9.940760e+00  4.527470e-01  1.518820e+01  1.303810e+00  2.213590e-01
 1 20 2.2 1.138200e-02  9.133710e+00  4.575580e-01  1.593830e+01  1.301090e+00  2.197470e-01
 1 21 2.2 1.192400e-02  8.458410e+00  4.929460e-01  1.681160e+01  1.272950e+00  2.218000e-01
 1 22 2.2 1.246600e-02  8.137380e+00  4.759430e-01  1.744970e+01  1.219660e+00  2.285920e-01
 1 23 2.2 1.300800e-02  8.166340e+00  5.379180e-01  1.812310e+01  1.143040e+00  2.445720e-01
 1 24 2.2 1.355000e-02  7.583190e+00  5.647100e-01  1.875220e+01  1.046290e+00  2.489100e-01
 1 25 2.2 1.409200e-02  7.692090e+00  6.282530e-01  1.943440e+01  9.337450e-01  2.678180e-01
 1 26 2.2 1.463400e-02  7.828700e+00  7.240460e-01  2.027370e+01  8.105840e-01  2.901030e-01
 1 27 2.2 1.517600e-02  7.096580e+00  7.538550e-01  2.073470e+01  6.824620e-01  2.892370e-01
 1 28 2.2 1.571800e-02  6.744260e+00  7.989640e-01  2.134250e+01  5.550950e-01  3.063550e-01
 1 29 2.2 1.626000e-02  7.796770e+00  9.324260e-01  2.151290e+01  4.337880e-01  3.568800e-01
 1 30 2.2 1.680200e-02  8.514790e+00  1.050830e+00  2.219010e+01  3.229050e-01  4.070750e-01
 1 31 2.2 1.734400e-02  9.199750e+00  1.199170e+00  2.251950e+01  2.252800e-01  4.577100e-01
 1 32 2.2 1.788600e-02  6.268750e+00  1.308400e+00  2.313350e+01  1.415790e-01  3.579470e-01
 1 33 2.2 1.842800e-02  6.122120e+00  1.451560e+00  2.354050e+01  6.960180e-02  3.753280e-01
 1 34 2.2 1.897000e-02  7.777030e+00  1.708270e+00  2.369870e+01  3.535010e-03  4.546920e-01
 1 35 2.2 1.951200e-02  4.672180e+00  1.845360e+00  2.435660e+01  0.000000e+00  5.246700e-01
 2  1 2.4 1.084000e-03  2.449190e+01  4.388690e-01  7.063480e+00  3.055020e+00  3.338620e-01
 2  2 2.4 1.626000e-03  2.075420e+01  3.601100e-01  7.129340e+00  2.579910e+00  2.675860e-01
 2  3 2.4 2.168000e-03  2.161260e+01  3.748130e-01  7.222870e+00  2.146260e+00  2.580210e-01
 2  4 2.4 2.710000e-03  2.217610e+01  3.670810e-01  7.335250e+00  1.764340e+00  2.472220e-01
 2  5 2.4 3.252000e-03  2.081430e+01  3.629700e-01  7.481910e+00  1.440010e+00  2.200310e-01
 2  6 2.4 3.794000e-03  1.737650e+01  3.134650e-01  7.665310e+00  1.175450e+00  1.775900e-01
 2  7 2.4 4.336000e-03  1.663150e+01  3.005010e-01  7.882560e+00  9.697450e-01  1.639810e-01
 2  8 2.4 4.878000e-03  1.677750e+01  3.030890e-01  8.136510e+00  8.195960e-01  1.607890e-01
 2  9 2.4 5.420000e-03  1.694030e+01  3.057560e-01  8.419700e+00  7.198160e-01  1.601290e-01
 2 10 2.4 5.962000e-03  1.686060e+01  3.318270e-01  8.746260e+00  6.638710e-01  1.597170e-01
 2 11 2.4 6.504000e-03  1.461570e+01  2.969210e-01  9.115410e+00  6.443470e-01  1.432410e-01
 2 12 2.4 7.046000e-03  1.379200e+01  2.906540e-01  9.507190e+00  6.533620e-01  1.406140e-01
 2 13 2.4 7.588000e-03  1.396800e+01  3.016820e-01  9.955730e+00  6.829380e-01  1.490390e-01
 2 14 2.4 8.130000e-03  1.415990e+01  3.123220e-01  1.046250e+01  7.253290e-01  1.593600e-01
 2 15 2.4 8.672000e-03  1.273340e+01  3.017770e-01  1.100200e+01  7.732870e-01  1.554320e-01
 2 16 2.4 9.214000e-03  1.237040e+01  3.083500e-01  1.155450e+01  8.203010e-01  1.633480e-01
 2 17 2.4 9.756000e-03  1.154550e+01  3.177200e-01  1.217120e+01  8.607780e-01  1.664060e-01
 2 18 2.4 1.029800e-02  1.112070e+01  3.167210e-01  1.285780e+01  8.901770e-01  1.745390e-01
 2 19 2.4 1.084000e-02  1.117760e+01  3.307020e-01  1.357960e+01  9.051070e-01  1.899940e-01
 2 20 2.4 1.138200e-02  1.174540e+01  3.590790e-01  1.426820e+01  9.033780e-01  2.135640e-01
 2 21 2.4 1.192400e-02  1.031240e+01  3.602340e-01  1.502520e+01  8.839970e-01  2.078890e-01
 2 22 2.4 1.246600e-02  1.011830e+01  3.919960e-01  1.568190e+01  8.471400e-01  2.214650e-01
 2 23 2.4 1.300800e-02  9.700980e+00  4.046890e-01  1.642250e+01  7.940620e-01  2.308010e-01
 2 24 2.4 1.355000e-02  9.550870e+00  4.129800e-01  1.719040e+01  7.269790e-01  2.451170e-01
 2 25 2.4 1.409200e-02  9.734760e+00  4.730220e-01  1.780050e+01  6.488980e-01  2.686520e-01
 2 26 2.4 1.463400e-02  9.045710e+00  5.024980e-01  1.843890e+01  5.634100e-01  2.732600e-01
 2 27 2.4 1.517600e-02  8.213970e+00  5.199050e-01  1.900170e+01  4.744420e-01  2.732410e-01
 2 28 2.4 1.571800e-02  8.043870e+00  5.829590e-01  1.966900e+01  3.859670e-01  2.892170e-01
 2 29 2.4 1.626000e-02  8.591170e+00  6.436090e-01  2.019610e+01  3.016750e-01  3.272050e-01
 2 30 2.4 1.680200e-02  7.939630e+00  6.705290e-01  2.078600e+01  2.246030e-01  3.279120e-01
 2 31 2.4 1.734400e-02  8.059130e+00  8.080820e-01  2.121100e+01  1.567270e-01  3.335740e-01
 2 32 2.4 1.788600e-02  7.126680e+00  8.620590e-01  2.170130e+01  9.851440e-02  3.735870e-01
 2 33 2.4 1.842800e-02  6.700610e+00  9.704080e-01  2.227680e+01  4.843960e-02  3.871890e-01
 2 34 2.4 1.897000e-02  6.298880e+00  1.090930e+00  2.276310e+01  2.460660e-03  3.881590e-01
 2 35 2.4 1.951200e-02  6.517590e+00  1.220310e+00  2.314530e+01  0.000000e+00  4.419350e-01
 3  1 2.6 1.084000e-03  3.010690e+01  5.150900e-01  6.740490e+00  2.441070e+00  4.883520e-01
 3  2 2.6 1.626000e-03  2.642360e+01  4.485200e-01  6.797280e+00  2.063640e+00  3.991880e-01
 3  3 2.6 2.168000e-03  2.813660e+01  4.850940e-01  6.872530e+00  1.718600e+00  3.919350e-01
 3  4 2.6 2.710000e-03  2.700180e+01  4.619300e-01  6.976380e+00  1.414300e+00  3.514670e-01
 3  5 2.6 3.252000e-03  2.496180e+01  4.338100e-01  7.107210e+00  1.155560e+00  3.063500e-01
 3  6 2.6 3.794000e-03  2.139650e+01  3.959720e-01  7.263290e+00  9.442670e-01  2.507030e-01
 3  7 2.6 4.336000e-03  2.031550e+01  3.935800e-01  7.448660e+00  7.798630e-01  2.281400e-01
 3  8 2.6 4.878000e-03  2.038620e+01  3.792690e-01  7.659680e+00  6.598260e-01  2.212330e-01
 3  9 2.6 5.420000e-03  2.074300e+01  3.844900e-01  7.895780e+00  5.801240e-01  2.200470e-01
 3 10 2.6 5.962000e-03  1.972340e+01  3.724950e-01  8.174840e+00  5.356170e-01  2.080630e-01
 3 11 2.6 6.504000e-03  1.786700e+01  3.557150e-01  8.490760e+00  5.204300e-01  1.905890e-01
 3 12 2.6 7.046000e-03  1.667620e+01  3.441410e-01  8.821420e+00  5.282850e-01  1.820390e-01
 3 13 2.6 7.588000e-03  1.687480e+01  3.487130e-01  9.210400e+00  5.528030e-01  1.894460e-01
 3 14 2.6 8.130000e-03  1.661540e+01  3.591920e-01  9.664990e+00  5.877580e-01  1.942290e-01
 3 15 2.6 8.672000e-03  1.602540e+01  3.654020e-01  1.013490e+01  6.273070e-01  1.971380e-01
 3 16 2.6 9.214000e-03  1.514180e+01  3.584080e-01  1.065390e+01  6.661770e-01  1.976890e-01
 3 17 2.6 9.756000e-03  1.394430e+01  3.476150e-01  1.120960e+01  6.998170e-01  1.954650e-01
 3 18 2.6 1.029800e-02  1.417730e+01  3.617420e-01  1.177000e+01  7.245170e-01  2.106770e-01
 3 19 2.6 1.084000e-02  1.404100e+01  3.666120e-01  1.243600e+01  7.374830e-01  2.229700e-01
 3 20 2.6 1.138200e-02  1.340410e+01  3.831300e-01  1.307340e+01  7.368890e-01  2.288960e-01
 3 21 2.6 1.192400e-02  1.276650e+01  3.838020e-01  1.380690e+01  7.218800e-01  2.336240e-01
 3 22 2.6 1.246600e-02  1.190370e+01  3.823770e-01  1.453830e+01  6.925510e-01  2.352360e-01
 3 23 2.6 1.300800e-02  1.213640e+01  4.394560e-01  1.516760e+01  6.498830e-01  2.561340e-01
 3 24 2.6 1.355000e-02  1.177530e+01  4.399340e-01  1.577590e+01  5.956450e-01  2.659520e-01
 3 25 2.6 1.409200e-02  1.088120e+01  4.570080e-01  1.643420e+01  5.322640e-01  2.653180e-01
 3 26 2.6 1.463400e-02  1.066310e+01  4.942890e-01  1.700600e+01  4.626600e-01  2.782410e-01
 3 27 2.6 1.517600e-02  9.892150e+00  5.265640e-01  1.773160e+01  3.900390e-01  2.801500e-01
 3 28 2.6 1.571800e-02  1.076790e+01  5.577830e-01  1.825320e+01  3.176610e-01  3.180520e-01
 3 29 2.6 1.626000e-02  1.091110e+01  6.488280e-01  1.887020e+01  2.485670e-01  3.437080e-01
 3 30 2.6 1.680200e-02  1.052990e+01  6.879520e-01  1.934790e+01  1.852720e-01  3.578840e-01
 3 31 2.6 1.734400e-02  8.703380e+00  6.721470e-01  1.989190e+01  1.294290e-01  3.304800e-01
 3 32 2.6 1.788600e-02  9.118740e+00  8.001090e-01  2.040110e+01  8.144760e-02  3.543440e-01
 3 33 2.6 1.842800e-02  8.664230e+00  9.054240e-01  2.066300e+01  4.009340e-02  3.396970e-01
 3 34 2.6 1.897000e-02  8.255280e+00  9.897790e-01  2.121690e+01  2.039010e-03  3.902400e-01
 3 35 2.6 1.951200e-02  6.635760e+00  1.054130e+00  2.173610e+01  0.000000e+00  3.374400e-01
 4  1 2.8 1.084000e-03  3.731690e+01  6.834590e-01  6.759270e+00  2.266240e+00  3.082710e-02
 4  2 2.8 1.626000e-03  3.272750e+01  5.850260e-01  6.811680e+00  1.920440e+00  3.187080e-02
 4  3 2.8 2.168000e-03  3.377350e+01  6.060870e-01  6.887800e+00  1.603170e+00  3.451450e-02
 4  4 2.8 2.710000e-03  3.366920e+01  6.005510e-01  6.982190e+00  1.322450e+00  3.913040e-02
 4  5 2.8 3.252000e-03  3.082730e+01  5.601680e-01  7.104060e+00  1.083090e+00  4.416360e-02
 4  6 2.8 3.794000e-03  2.627020e+01  4.877330e-01  7.246170e+00  8.871590e-01  4.801490e-02
 4  7 2.8 4.336000e-03  2.410680e+01  4.616240e-01  7.408710e+00  7.344410e-01  5.373040e-02
 4  8 2.8 4.878000e-03  2.479290e+01  4.575140e-01  7.608590e+00  6.228710e-01  6.475780e-02
 4  9 2.8 5.420000e-03  2.518050e+01  4.739800e-01  7.833570e+00  5.489320e-01  7.703260e-02
 4 10 2.8 5.962000e-03  2.481860e+01  4.936240e-01  8.095260e+00  5.080180e-01  8.915600e-02
 4 11 2.8 6.504000e-03  2.150130e+01  4.395120e-01  8.386890e+00  4.947810e-01  9.228170e-02
 4 12 2.8 7.046000e-03  1.982800e+01  4.154890e-01  8.696680e+00  5.034350e-01  9.981560e-02
 4 13 2.8 7.588000e-03  2.013520e+01  4.168900e-01  9.035230e+00  5.280420e-01  1.158450e-01
 4 14 2.8 8.130000e-03  2.000490e+01  4.295070e-01  9.420300e+00  5.627530e-01  1.311870e-01
 4 15 2.8 8.672000e-03  1.894500e+01  4.192530e-01  9.837600e+00  6.020320e-01  1.404850e-01
 4 16 2.8 9.214000e-03  1.858940e+01  4.243170e-01  1.031640e+01  6.408370e-01  1.550870e-01
 4 17 2.8 9.756000e-03  1.733180e+01  4.211200e-01  1.081630e+01  6.747770e-01  1.641760e-01
 4 18 2.8 1.029800e-02  1.722070e+01  4.254930e-01  1.139130e+01  7.002280e-01  1.827220e-01
 4 19 2.8 1.084000e-02  1.677030e+01  4.343500e-01  1.198960e+01  7.144260e-01  1.976380e-01
 4 20 2.8 1.138200e-02  1.663980e+01  4.539890e-01  1.261880e+01  7.155180e-01  2.147490e-01
 4 21 2.8 1.192400e-02  1.566180e+01  4.543830e-01  1.330230e+01  7.025790e-01  2.235100e-01
 4 22 2.8 1.246600e-02  1.471150e+01  4.681110e-01  1.399870e+01  6.756040e-01  2.321620e-01
 4 23 2.8 1.300800e-02  1.407370e+01  4.505800e-01  1.461080e+01  6.354540e-01  2.432090e-01
 4 24 2.8 1.355000e-02  1.338580e+01  4.929300e-01  1.514460e+01  5.837720e-01  2.528400e-01
 4 25 2.8 1.409200e-02  1.359880e+01  5.152320e-01  1.578090e+01  5.228650e-01  2.750570e-01
 4 26 2.8 1.463400e-02  1.299550e+01  5.472350e-01  1.638870e+01  4.555430e-01  2.850160e-01
 4 27 2.8 1.517600e-02  1.222270e+01  5.650730e-01  1.702780e+01  3.849270e-01  2.933640e-01
 4 28 2.8 1.571800e-02  1.159600e+01  5.889510e-01  1.767300e+01  3.142220e-01  2.965660e-01
 4 29 2.8 1.626000e-02  1.126940e+01  6.016900e-01  1.815680e+01  2.464430e-01  3.099800e-01
 4 30 2.8 1.680200e-02  1.138050e+01  6.682490e-01  1.860970e+01  1.841120e-01  3.364420e-01
 4 31 2.8 1.734400e-02  1.204750e+01  8.238260e-01  1.896840e+01  1.289140e-01  3.844750e-01
 4 32 2.8 1.788600e-02  1.094550e+01  8.288120e-01  1.955900e+01  8.131010e-02  3.827080e-01
 4 33 2.8 1.842800e-02  1.149410e+01  9.471980e-01  2.006300e+01  4.011760e-02  4.032100e-01
 4 34 2.8 1.897000e-02  1.103420e+01  9.849450e-01  2.033060e+01  2.044910e-03  3.793010e-01
 4 35 2.8 1.951200e-02  1.010130e+01  1.112430e+00  2.078150e+01  0.000000e+00  4.675920e-01
 5  1 3.0 1.084000e-03  4.739860e+01  1.022390e+00  6.023520e+00  2.275910e+00  2.755200e-02
 5  2 3.0 1.626000e-03  3.912320e+01  8.634570e-01  6.066710e+00  1.929280e+00  2.878310e-02
 5  3 3.0 2.168000e-03  4.186870e+01  9.123660e-01  6.128780e+00  1.611090e+00  3.238920e-02
 5  4 3.0 2.710000e-03  4.080430e+01  9.000910e-01  6.197070e+00  1.329430e+00  3.812620e-02
 5  5 3.0 3.252000e-03  3.745730e+01  8.588270e-01  6.296160e+00  1.089170e+00  4.448390e-02
 5  6 3.0 3.794000e-03  3.070730e+01  7.301830e-01  6.416330e+00  8.924280e-01  4.809010e-02
 5  7 3.0 4.336000e-03  3.036430e+01  7.026570e-01  6.558740e+00  7.390450e-01  5.768020e-02
 5  8 3.0 4.878000e-03  2.996290e+01  6.780320e-01  6.722260e+00  6.269800e-01  6.869320e-02
 5  9 3.0 5.420000e-03  3.070520e+01  7.307330e-01  6.898100e+00  5.527330e-01  8.307370e-02
 5 10 3.0 5.962000e-03  2.849630e+01  6.721870e-01  7.113570e+00  5.117020e-01  9.323530e-02
 5 11 3.0 6.504000e-03  2.595000e+01  6.235150e-01  7.355550e+00  4.985290e-01  9.961160e-02
 5 12 3.0 7.046000e-03  2.424240e+01  5.809280e-01  7.616490e+00  5.074120e-01  1.095820e-01
 5 13 3.0 7.588000e-03  2.475310e+01  6.102350e-01  7.910730e+00  5.323840e-01  1.294560e-01
 5 14 3.0 8.130000e-03  2.422920e+01  6.025090e-01  8.229680e+00  5.675610e-01  1.434990e-01
 5 15 3.0 8.672000e-03  2.141040e+01  5.733170e-01  8.598620e+00  6.073680e-01  1.459650e-01
 5 16 3.0 9.214000e-03  2.062060e+01  5.660530e-01  9.000680e+00  6.467220e-01  1.594870e-01
 5 17 3.0 9.756000e-03  2.146020e+01  5.993120e-01  9.477150e+00  6.811880e-01  1.838620e-01
 5 18 3.0 1.029800e-02  2.061920e+01  5.687320e-01  9.920120e+00  7.071030e-01  1.975400e-01
 5 19 3.0 1.084000e-02  2.012620e+01  5.854020e-01  1.044340e+01  7.216660e-01  2.141730e-01
 5 20 3.0 1.138200e-02  1.832040e+01  5.934400e-01  1.091260e+01  7.229930e-01  2.177670e-01
 5 21 3.0 1.192400e-02  1.793180e+01  5.722090e-01  1.141730e+01  7.101390e-01  2.349350e-01
 5 22 3.0 1.246600e-02  1.816690e+01  6.225330e-01  1.202780e+01  6.830840e-01  2.600020e-01
 5 23 3.0 1.300800e-02  1.717260e+01  6.061370e-01  1.263750e+01  6.426870e-01  2.658400e-01
 5 24 3.0 1.355000e-02  1.631850e+01  6.384190e-01  1.325940e+01  5.905980e-01  2.776220e-01
 5 25 3.0 1.409200e-02  1.655530e+01  7.655180e-01  1.395890e+01  5.291400e-01  3.077420e-01
 5 26 3.0 1.463400e-02  1.479060e+01  6.568800e-01  1.465240e+01  4.611500e-01  2.960080e-01
 5 27 3.0 1.517600e-02  1.526360e+01  7.564770e-01  1.537650e+01  3.897830e-01  3.313960e-01
 5 28 3.0 1.571800e-02  1.498340e+01  7.322040e-01  1.596820e+01  3.182820e-01  3.414180e-01
 5 29 3.0 1.626000e-02  1.461320e+01  7.885870e-01  1.653030e+01  2.497020e-01  3.595290e-01
 5 30 3.0 1.680200e-02  1.349860e+01  8.157350e-01  1.698250e+01  1.866030e-01  3.539100e-01
 5 31 3.0 1.734400e-02  1.355270e+01  8.759890e-01  1.750590e+01  1.306970e-01  3.917220e-01
 5 32 3.0 1.788600e-02  1.368910e+01  9.723440e-01  1.810260e+01  8.245900e-02  4.217300e-01
 5 33 3.0 1.842800e-02  1.215190e+01  9.763550e-01  1.857910e+01  4.069650e-02  4.015050e-01
 5 34 3.0 1.897000e-02  1.248680e+01  1.086110e+00  1.903220e+01  2.075030e-03  4.472600e-01
 5 35 3.0 1.951200e-02  1.416660e+01  1.290710e+00  1.945110e+01  0.000000e+00  5.195890e-01
 6  1 3.2 1.084000e-03  5.641690e+01  1.565490e+00  5.419580e+00  2.196120e+00  2.517230e-02
 6  2 3.2 1.626000e-03  4.910420e+01  1.369140e+00  5.452980e+00  1.854030e+00  2.692260e-02
 6  3 3.2 2.168000e-03  5.025750e+01  1.394080e+00  5.505950e+00  1.541920e+00  3.148060e-02
 6  4 3.2 2.710000e-03  4.928710e+01  1.366980e+00  5.579070e+00  1.267160e+00  3.867750e-02
 6  5 3.2 3.252000e-03  4.419260e+01  1.287800e+00  5.660230e+00  1.033910e+00  4.573260e-02
 6  6 3.2 3.794000e-03  3.869920e+01  1.068330e+00  5.762930e+00  8.436970e-01  5.180460e-02
 6  7 3.2 4.336000e-03  3.532780e+01  9.727680e-01  5.863470e+00  6.958390e-01  5.963750e-02
 6  8 3.2 4.878000e-03  3.686990e+01  1.087800e+00  5.973990e+00  5.879190e-01  7.599760e-02
 6  9 3.2 5.420000e-03  3.653820e+01  1.073330e+00  6.133510e+00  5.161850e-01  8.943410e-02
 6 10 3.2 5.962000e-03  3.354080e+01  9.915240e-01  6.319790e+00  4.759190e-01  9.923850e-02
 6 11 3.2 6.504000e-03  3.145040e+01  9.461510e-01  6.520050e+00  4.617790e-01  1.107530e-01
 6 12 3.2 7.046000e-03  3.004810e+01  9.289080e-01  6.750910e+00  4.680940e-01  1.237630e-01
 6 13 3.2 7.588000e-03  2.930130e+01  8.937650e-01  7.009800e+00  4.891310e-01  1.403030e-01
 6 14 3.2 8.130000e-03  2.893750e+01  9.062020e-01  7.304970e+00  5.193280e-01  1.578720e-01
 6 15 3.2 8.672000e-03  2.685290e+01  8.798120e-01  7.597800e+00  5.534920e-01  1.665940e-01
 6 16 3.2 9.214000e-03  2.702840e+01  9.069670e-01  7.957020e+00  5.869580e-01  1.907670e-01
 6 17 3.2 9.756000e-03  2.457270e+01  8.385340e-01  8.315690e+00  6.157250e-01  1.964800e-01
 6 18 3.2 1.029800e-02  2.324440e+01  8.275830e-01  8.752240e+00  6.365510e-01  2.058560e-01
 6 19 3.2 1.084000e-02  2.402820e+01  8.149040e-01  9.175700e+00  6.470220e-01  2.358710e-01
 6 20 3.2 1.138200e-02  2.408880e+01  8.818700e-01  9.682310e+00  6.455780e-01  2.592130e-01
 6 21 3.2 1.192400e-02  2.191470e+01  8.148380e-01  1.016220e+01  6.315250e-01  2.605790e-01
 6 22 3.2 1.246600e-02  2.171090e+01  8.921980e-01  1.071030e+01  6.049990e-01  2.852090e-01
 6 23 3.2 1.300800e-02  2.008790e+01  8.521670e-01  1.135860e+01  5.669100e-01  2.893820e-01
 6 24 3.2 1.355000e-02  2.021460e+01  8.553360e-01  1.195310e+01  5.188480e-01  3.174510e-01
 6 25 3.2 1.409200e-02  1.970970e+01  8.912320e-01  1.254470e+01  4.629700e-01  3.296790e-01
 6 26 3.2 1.463400e-02  1.942410e+01  9.377260e-01  1.310850e+01  4.018460e-01  3.574500e-01
 6 27 3.2 1.517600e-02  1.952540e+01  9.369210e-01  1.380860e+01  3.382790e-01  3.899760e-01
 6 28 3.2 1.571800e-02  1.872090e+01  1.044490e+00  1.445380e+01  2.751060e-01  3.983340e-01
 6 29 3.2 1.626000e-02  1.692220e+01  9.419800e-01  1.524630e+01  2.149540e-01  3.780870e-01
 6 30 3.2 1.680200e-02  1.720160e+01  9.955240e-01  1.580140e+01  1.599840e-01  4.081640e-01
 6 31 3.2 1.734400e-02  1.632160e+01  1.071010e+00  1.645360e+01  1.115990e-01  4.237690e-01
 6 32 3.2 1.788600e-02  1.563220e+01  1.147800e+00  1.714000e+01  7.012480e-02  4.325720e-01
 6 33 3.2 1.842800e-02  1.582610e+01  1.271330e+00  1.769320e+01  3.446890e-02  4.819760e-01
 6 34 3.2 1.897000e-02  1.655190e+01  1.472870e+00  1.820640e+01  1.750380e-03  5.196030e-01
 6 35 3.2 1.951200e-02  1.674190e+01  1.435310e+00  1.857080e+01  0.000000e+00  5.763010e-01
 7  1 3.4 1.084000e-03  6.263390e+01  2.134190e+00  5.244740e+00  2.631310e+00  4.329140e-01
 7  2 3.4 1.626000e-03  6.351260e+01  2.227420e+00  5.279660e+00  2.219690e+00  3.942040e-01
 7  3 3.4 2.168000e-03  5.888310e+01  2.066070e+00  5.328950e+00  1.844570e+00  3.306380e-01
 7  4 3.4 2.710000e-03  5.420650e+01  1.876750e+00  5.393020e+00  1.514670e+00  2.771900e-01
 7  5 3.4 3.252000e-03  4.977810e+01  1.820190e+00  5.472420e+00  1.234880e+00  2.343090e-01
 7  6 3.4 3.794000e-03  4.816230e+01  1.660860e+00  5.567820e+00  1.006890e+00  2.114770e-01
 7  7 3.4 4.336000e-03  4.456990e+01  1.465710e+00  5.680050e+00  8.297650e-01  1.870250e-01
 7  8 3.4 4.878000e-03  4.722880e+01  1.939570e+00  5.810090e+00  7.005080e-01  1.932300e-01
 7  9 3.4 5.420000e-03  4.228170e+01  1.448340e+00  5.959100e+00  6.145380e-01  1.749050e-01
 7 10 3.4 5.962000e-03  4.071470e+01  1.462690e+00  6.128420e+00  5.661390e-01  1.750570e-01
 7 11 3.4 6.504000e-03  3.667070e+01  1.346130e+00  6.319610e+00  5.488690e-01  1.673620e-01
 7 12 3.4 7.046000e-03  3.617470e+01  1.400910e+00  6.534480e+00  5.559170e-01  1.806040e-01
 7 13 3.4 7.588000e-03  3.527340e+01  1.347580e+00  6.775080e+00  5.804220e-01  1.929690e-01
 7 14 3.4 8.130000e-03  3.531130e+01  1.428340e+00  7.043790e+00  6.157450e-01  2.106070e-01
 7 15 3.4 8.672000e-03  3.556150e+01  1.365570e+00  7.343320e+00  6.557040e-01  2.325370e-01
 7 16 3.4 9.214000e-03  3.089830e+01  1.240620e+00  7.676760e+00  6.947680e-01  2.264990e-01
 7 17 3.4 9.756000e-03  2.806730e+01  1.181810e+00  8.047670e+00  7.282060e-01  2.286030e-01
 7 18 3.4 1.029800e-02  2.979120e+01  1.238890e+00  8.380590e+00  7.522020e-01  2.663830e-01
 7 19 3.4 1.084000e-02  2.858530e+01  1.266280e+00  8.833450e+00  7.639260e-01  2.777250e-01
 7 20 3.4 1.138200e-02  2.636250e+01  1.177240e+00  9.296830e+00  7.615720e-01  2.827760e-01
 7 21 3.4 1.192400e-02  2.795590e+01  1.198400e+00  9.815390e+00  7.443560e-01  3.249070e-01
 7 22 3.4 1.246600e-02  2.449640e+01  1.162650e+00  1.035250e+01  7.124770e-01  3.133900e-01
 7 23 3.4 1.300800e-02  2.600520e+01  1.270960e+00  1.092010e+01  6.670440e-01  3.615730e-01
 7 24 3.4 1.355000e-02  2.558810e+01  1.321550e+00  1.137210e+01  6.099630e-01  3.858480e-01
 7 25 3.4 1.409200e-02  2.704740e+01  1.320230e+00  1.196500e+01  5.437980e-01  4.344300e-01
 7 26 3.4 1.463400e-02  2.369610e+01  1.247530e+00  1.251370e+01  4.715870e-01  4.173730e-01
 7 27 3.4 1.517600e-02  2.228030e+01  1.279480e+00  1.329110e+01  3.966390e-01  4.195360e-01
 7 28 3.4 1.571800e-02  2.037690e+01  1.314990e+00  1.402630e+01  3.222810e-01  4.027100e-01
 7 29 3.4 1.626000e-02  2.110480e+01  1.304230e+00  1.460890e+01  2.515910e-01  4.457690e-01
 7 30 3.4 1.680200e-02  1.987370e+01  1.417490e+00  1.544760e+01  1.870850e-01  4.593670e-01
 7 31 3.4 1.734400e-02  1.966780e+01  1.402880e+00  1.586670e+01  1.303860e-01  4.876690e-01
 7 32 3.4 1.788600e-02  2.027570e+01  1.481170e+00  1.663070e+01  8.185600e-02  5.275710e-01
 7 33 3.4 1.842800e-02  1.700700e+01  1.630610e+00  1.707740e+01  4.019870e-02  4.702110e-01
 7 34 3.4 1.897000e-02  1.666600e+01  1.697020e+00  1.765850e+01  2.039490e-03  4.987520e-01
 7 35 3.4 1.951200e-02  1.975850e+01  1.675090e+00  1.847950e+01  0.000000e+00  6.103120e-01
 8  1 3.6 1.084000e-03  7.443840e+01  3.769410e+00  4.613920e+00  3.044780e+00  3.244780e+00
 8  2 3.6 1.626000e-03  6.844420e+01  3.426770e+00  4.643810e+00  2.547670e+00  2.776010e+00
 8  3 3.6 2.168000e-03  6.986260e+01  3.426920e+00  4.686010e+00  2.099730e+00  2.638010e+00
 8  4 3.6 2.710000e-03  6.541410e+01  3.177370e+00  4.740830e+00  1.709850e+00  2.317190e+00
 8  5 3.6 3.252000e-03  6.251850e+01  3.231440e+00  4.808740e+00  1.382240e+00  2.087660e+00
 8  6 3.6 3.794000e-03  5.605490e+01  2.789080e+00  4.890300e+00  1.117400e+00  1.777200e+00
 8  7 3.6 4.336000e-03  5.289360e+01  2.711160e+00  4.986170e+00  9.128480e-01  1.600450e+00
 8  8 3.6 4.878000e-03  4.893610e+01  2.454460e+00  5.097170e+00  7.638700e-01  1.423000e+00
 8  9 3.6 5.420000e-03  5.062780e+01  2.590560e+00  5.224250e+00  6.641430e-01  1.421790e+00
 8 10 3.6 5.962000e-03  4.480660e+01  2.535670e+00  5.368520e+00  6.063000e-01  1.225790e+00
 8 11 3.6 6.504000e-03  4.529740e+01  2.253040e+00  5.531240e+00  5.824070e-01  1.212330e+00
 8 12 3.6 7.046000e-03  3.855370e+01  1.982840e+00  5.713900e+00  5.843890e-01  1.017760e+00
 8 13 3.6 7.588000e-03  3.928180e+01  2.015540e+00  5.918170e+00  6.043780e-01  1.026210e+00
 8 14 3.6 8.130000e-03  4.062880e+01  2.153280e+00  6.145980e+00  6.350040e-01  1.054380e+00
 8 15 3.6 8.672000e-03  4.251730e+01  2.228100e+00  6.399520e+00  6.696230e-01  1.098750e+00
 8 16 3.6 9.214000e-03  3.866330e+01  2.096330e+00  6.681310e+00  7.024960e-01  1.000670e+00
 8 17 3.6 9.756000e-03  3.932670e+01  2.141500e+00  6.911520e+00  7.289080e-01  1.019300e+00
 8 18 3.6 1.029800e-02  3.615850e+01  2.002700e+00  7.253820e+00  7.452420e-01  9.415970e-01
 8 19 3.6 1.084000e-02  3.341960e+01  1.955000e+00  7.633620e+00  7.490100e-01  8.742320e-01
 8 20 3.6 1.138200e-02  3.664910e+01  2.140260e+00  7.970180e+00  7.388360e-01  9.643380e-01
 8 21 3.6 1.192400e-02  3.205260e+01  1.848710e+00  8.430470e+00  7.144040e-01  8.428330e-01
 8 22 3.6 1.246600e-02  2.628390e+01  1.664000e+00  8.941610e+00  6.763670e-01  6.940440e-01
 8 23 3.6 1.300800e-02  2.856920e+01  1.774710e+00  9.427520e+00  6.262320e-01  7.521120e-01
 8 24 3.6 1.355000e-02  2.930660e+01  1.821720e+00  9.976140e+00  5.662020e-01  7.740950e-01
 8 25 3.6 1.409200e-02  2.801930e+01  2.250510e+00  1.066660e+01  4.990090e-01  7.377640e-01
 8 26 3.6 1.463400e-02  2.542550e+01  1.887390e+00  1.128830e+01  4.277100e-01  6.683510e-01
 8 27 3.6 1.517600e-02  2.805890e+01  1.816030e+00  1.205770e+01  3.554760e-01  7.329530e-01
 8 28 3.6 1.571800e-02  2.585320e+01  1.730660e+00  1.285100e+01  2.853550e-01  6.688690e-01
 8 29 3.6 1.626000e-02  2.631210e+01  1.842310e+00  1.359880e+01  2.200310e-01  6.763820e-01
 8 30 3.6 1.680200e-02  2.658800e+01  2.140250e+00  1.444480e+01  1.615740e-01  6.732320e-01
 8 31 3.6 1.734400e-02  2.421200e+01  2.309480e+00  1.511520e+01  1.111740e-01  6.358260e-01
 8 32 3.6 1.788600e-02  2.451990e+01  2.239350e+00  1.582270e+01  6.889070e-02  6.530260e-01
 8 33 3.6 1.842800e-02  2.441350e+01  2.178870e+00  1.669790e+01  3.338500e-02  6.600660e-01
 8 34 3.6 1.897000e-02  2.217460e+01  2.109890e+00  1.741410e+01  1.671000e-03  6.216720e-01
 8 35 3.6 1.951200e-02  2.174370e+01  2.315360e+00  1.790160e+01  0.000000e+00  6.886870e-01
 9  1 3.8 1.084000e-03  8.775660e+01  5.953580e+00  5.213340e+00  3.104700e+00  2.788480e+00
 9  2 3.8 1.626000e-03  8.730570e+01  6.473330e+00  5.248020e+00  2.617170e+00  2.562450e+00
 9  3 3.8 2.168000e-03  9.828820e+01  6.552650e+00  5.296980e+00  2.173320e+00  2.666480e+00
 9  4 3.8 2.710000e-03  8.246920e+01  6.648270e+00  5.360610e+00  1.783340e+00  2.090900e+00
 9  5 3.8 3.252000e-03  7.470830e+01  5.173940e+00  5.439460e+00  1.452870e+00  1.775060e+00
 9  6 3.8 3.794000e-03  6.415350e+01  4.108370e+00  5.534180e+00  1.183770e+00  1.437460e+00
 9  7 3.8 4.336000e-03  7.274030e+01  5.989230e+00  5.645590e+00  9.748170e-01  1.539640e+00
 9  8 3.8 4.878000e-03  6.250860e+01  4.551450e+00  5.774660e+00  8.223590e-01  1.263530e+00
 9  9 3.8 5.420000e-03  5.487180e+01  4.344480e+00  5.922520e+00  7.209000e-01  1.066550e+00
 9 10 3.8 5.962000e-03  6.023710e+01  4.452950e+00  6.090500e+00  6.636300e-01  1.131920e+00
 9 11 3.8 6.504000e-03  5.827740e+01  4.180300e+00  6.280120e+00  6.429030e-01  1.068770e+00
 9 12 3.8 7.046000e-03  5.319250e+01  4.775960e+00  6.493150e+00  6.506680e-01  9.605860e-01
 9 13 3.8 7.588000e-03  4.985220e+01  3.642700e+00  6.731610e+00  6.788330e-01  8.922930e-01
 9 14 3.8 8.130000e-03  4.629700e+01  3.510860e+00  6.997820e+00  7.195950e-01  8.271150e-01
 9 15 3.8 8.672000e-03  4.814960e+01  3.400360e+00  7.294430e+00  7.657050e-01  8.615600e-01
 9 16 3.8 9.214000e-03  4.109970e+01  3.028530e+00  7.624480e+00  8.106950e-01  7.459440e-01
 9 17 3.8 9.756000e-03  4.716370e+01  3.477050e+00  7.991410e+00  8.490510e-01  8.670250e-01
 9 18 3.8 1.029800e-02  5.136800e+01  4.555740e+00  8.399180e+00  8.763420e-01  9.597140e-01
 9 19 3.8 1.084000e-02  4.106460e+01  3.059130e+00  8.852320e+00  8.893000e-01  7.922460e-01
 9 20 3.8 1.138200e-02  4.478140e+01  3.526360e+00  9.356010e+00  8.858560e-01  8.792940e-01
 9 21 3.8 1.192400e-02  4.151960e+01  3.281320e+00  9.758140e+00  8.651400e-01  8.373940e-01
 9 22 3.8 1.246600e-02  3.793240e+01  3.087490e+00  1.036670e+01  8.274230e-01  7.876980e-01
 9 23 3.8 1.300800e-02  4.141820e+01  3.543460e+00  1.104430e+01  7.740340e-01  8.796340e-01
 9 24 3.8 1.355000e-02  3.642710e+01  2.815460e+00  1.179960e+01  7.072220e-01  7.981480e-01
 9 25 3.8 1.409200e-02  4.036220e+01  3.637210e+00  1.248410e+01  6.299900e-01  9.060980e-01
 9 26 3.8 1.463400e-02  3.324780e+01  3.248840e+00  1.296160e+01  5.458850e-01  7.806730e-01
 9 27 3.8 1.517600e-02  3.345940e+01  3.359910e+00  1.395430e+01  4.587480e-01  8.060900e-01
 9 28 3.8 1.571800e-02  3.872400e+01  3.429940e+00  1.462520e+01  3.724360e-01  9.544760e-01
 9 29 3.8 1.626000e-02  3.477260e+01  3.344830e+00  1.539990e+01  2.905000e-01  8.834370e-01
 9 30 3.8 1.680200e-02  3.300620e+01  4.612820e+00  1.670800e+01  2.158350e-01  8.575360e-01
 9 31 3.8 1.734400e-02  3.235960e+01  3.384650e+00  1.804210e+01  1.502950e-01  8.832300e-01
 9 32 3.8 1.788600e-02  3.525210e+01  3.625330e+00  1.858860e+01  9.427410e-02  9.833840e-01
 9 33 3.8 1.842800e-02  3.433060e+01  3.704230e+00  1.880950e+01  4.625720e-02  1.017570e+00
 9 34 3.8 1.897000e-02  3.444170e+01  4.546100e+00  1.930100e+01  2.344830e-03  1.084450e+00
 9 35 3.8 1.951200e-02  3.514160e+01  3.984140e+00  2.030850e+01  0.000000e+00  1.129070e+00
10  1 4.0 1.084000e-03  1.180360e+02  1.184460e+01  6.308060e+00  2.724480e+00  2.099320e+00
10  2 4.0 1.626000e-03  1.222700e+02  1.055870e+01  6.357330e+00  2.330250e+00  2.005950e+00
10  3 4.0 2.168000e-03  1.251830e+02  1.202810e+01  6.426970e+00  1.963140e+00  1.900240e+00
10  4 4.0 2.710000e-03  1.011610e+02  9.738990e+00  6.517640e+00  1.634080e+00  1.430910e+00
10  5 4.0 3.252000e-03  1.044470e+02  9.575950e+00  6.630230e+00  1.350300e+00  1.377070e+00
10  6 4.0 3.794000e-03  8.152000e+01  7.755720e+00  6.765840e+00  1.115810e+00  1.011270e+00
10  7 4.0 4.336000e-03  7.183810e+01  6.447700e+00  6.925820e+00  9.317920e-01  8.426760e-01
10  8 4.0 4.878000e-03  6.436880e+01  6.181950e+00  7.111780e+00  7.970550e-01  7.194300e-01
10  9 4.0 5.420000e-03  7.655500e+01  6.956430e+00  7.325620e+00  7.084190e-01  8.200530e-01
10 10 4.0 5.962000e-03  6.706640e+01  6.021380e+00  7.569580e+00  6.611330e-01  6.996120e-01
10 11 4.0 6.504000e-03  7.313690e+01  7.431980e+00  7.846240e+00  6.492560e-01  7.505610e-01
10 12 4.0 7.046000e-03  5.685300e+01  6.350830e+00  8.158640e+00  6.660360e-01  5.856200e-01
10 13 4.0 7.588000e-03  5.847940e+01  6.886820e+00  8.510220e+00  7.042570e-01  6.060490e-01
10 14 4.0 8.130000e-03  6.533080e+01  6.832490e+00  8.905020e+00  7.565690e-01  6.929350e-01
10 15 4.0 8.672000e-03  6.183160e+01  6.896510e+00  9.347640e+00  8.157880e-01  6.762880e-01
10 16 4.0 9.214000e-03  4.841980e+01  5.508770e+00  9.843400e+00  8.751720e-01  5.607640e-01
10 17 4.0 9.756000e-03  4.773890e+01  5.457360e+00  1.039840e+01  9.286560e-01  5.811540e-01
10 18 4.0 1.029800e-02  5.049350e+01  5.836830e+00  1.101980e+01  9.710590e-01  6.529380e-01
10 19 4.0 1.084000e-02  5.042910e+01  5.038650e+00  1.171560e+01  9.982460e-01  6.934410e-01
10 20 4.0 1.138200e-02  4.041810e+01  4.305620e+00  1.249540e+01  1.007250e+00  5.919440e-01
10 21 4.0 1.192400e-02  4.983020e+01  6.491000e+00  1.336990e+01  9.963550e-01  7.792810e-01
10 22 4.0 1.246600e-02  5.539840e+01  7.410940e+00  1.374620e+01  9.651120e-01  9.150380e-01
10 23 4.0 1.300800e-02  6.378120e+01  6.726920e+00  1.449480e+01  9.143270e-01  1.123830e+00
10 24 4.0 1.355000e-02  4.748800e+01  6.009620e+00  1.536640e+01  8.459780e-01  8.912530e-01
10 25 4.0 1.409200e-02  4.077480e+01  5.619180e+00  1.606750e+01  7.630800e-01  8.231580e-01
10 26 4.0 1.463400e-02  4.827300e+01  5.712910e+00  1.716350e+01  6.694870e-01  1.040220e+00
10 27 4.0 1.517600e-02  5.540480e+01  8.492250e+00  1.789520e+01  5.696280e-01  1.274130e+00
10 28 4.0 1.571800e-02  5.626160e+01  6.979460e+00  1.774770e+01  4.681860e-01  1.372020e+00
10 29 4.0 1.626000e-02  5.504060e+01  8.180050e+00  1.885420e+01  3.696880e-01  1.415930e+00
10 30 4.0 1.680200e-02  4.556000e+01  7.345540e+00  1.985790e+01  2.780420e-01  1.273670e+00
10 31 4.0 1.734400e-02  4.889230e+01  7.465690e+00  1.937150e+01  1.959770e-01  1.437720e+00
10 32 4.0 1.788600e-02  5.907360e+01  9.152560e+00  2.043640e+01  1.244220e-01  1.866090e+00
10 33 4.0 1.842800e-02  5.840840e+01  9.578570e+00  2.131740e+01  6.178850e-02  1.992940e+00
10 34 4.0 1.897000e-02  3.309510e+01  6.591320e+00  2.159320e+01  3.169850e-03  1.203510e+00
10 35 4.0 1.951200e-02  4.477760e+01  9.468690e+00  2.269140e+01  0.000000e+00  1.781990e+00
11  1 4.2 1.084000e-03  1.397470e+02  1.835600e+01  5.920750e+00  2.601290e+00  9.368690e+00
11  2 4.2 1.626000e-03  1.169420e+02  1.369900e+01  5.970310e+00  2.278440e+00  7.394190e+00
11  3 4.2 2.168000e-03  1.266660e+02  1.444460e+01  6.040400e+00  1.963640e+00  7.530730e+00
11  4 4.2 2.710000e-03  1.387640e+02  1.472630e+01  6.131740e+00  1.670430e+00  7.775680e+00
11  5 4.2 3.252000e-03  9.215970e+01  1.128250e+01  6.245280e+00  1.409390e+00  4.909720e+00
11  6 4.2 3.794000e-03  1.097910e+02  1.558210e+01  6.382210e+00  1.188130e+00  5.530120e+00
11  7 4.2 4.336000e-03  8.642300e+01  1.191300e+01  6.543980e+00  1.011400e+00  4.146920e+00
11  8 4.2 4.878000e-03  1.051860e+02  1.249160e+01  6.732350e+00  8.812400e-01  4.798880e+00
11  9 4.2 5.420000e-03  9.605880e+01  1.374520e+01  6.949380e+00  7.972470e-01  4.190110e+00
11 10 4.2 5.962000e-03  6.853290e+01  7.671610e+00  7.197500e+00  7.568340e-01  2.873260e+00
11 11 4.2 6.504000e-03  8.294520e+01  9.403360e+00  7.479560e+00  7.555560e-01  3.333520e+00
11 12 4.2 7.046000e-03  7.846810e+01  9.660580e+00  7.798850e+00  7.874680e-01  3.039600e+00
11 13 4.2 7.588000e-03  7.408370e+01  9.870530e+00  8.159210e+00  8.454920e-01  2.771660e+00
11 14 4.2 8.130000e-03  6.242830e+01  9.150060e+00  8.565060e+00  9.218120e-01  2.265400e+00
11 15 4.2 8.672000e-03  7.924270e+01  1.050570e+01  9.021550e+00  1.008260e+00  2.780680e+00
11 16 4.2 9.214000e-03  7.487790e+01  8.579800e+00  9.534590e+00  1.096690e+00  2.557840e+00
11 17 4.2 9.756000e-03  6.401850e+01  9.145590e+00  1.011110e+01  1.179360e+00  2.132880e+00
11 18 4.2 1.029800e-02  5.857400e+01  8.633230e+00  1.075890e+01  1.249270e+00  1.897730e+00
11 19 4.2 1.084000e-02  6.526440e+01  1.009100e+01  1.148740e+01  1.300450e+00  2.064080e+00
11 20 4.2 1.138200e-02  5.918020e+01  9.264530e+00  1.230730e+01  1.328220e+00  1.827150e+00
11 21 4.2 1.192400e-02  6.817060e+01  8.627780e+00  1.273320e+01  1.329430e+00  2.057050e+00
11 22 4.2 1.246600e-02  7.092940e+01  1.093180e+01  1.372710e+01  1.302550e+00  2.085440e+00
11 23 4.2 1.300800e-02  6.253540e+01  9.692120e+00  1.484930e+01  1.247790e+00  1.805600e+00
11 24 4.2 1.355000e-02  5.153680e+01  8.178200e+00  1.563700e+01  1.167040e+00  1.472380e+00
11 25 4.2 1.409200e-02  5.750190e+01  9.664460e+00  1.566690e+01  1.063770e+00  1.614630e+00
11 26 4.2 1.463400e-02  5.731060e+01  1.076260e+01  1.662290e+01  9.428630e-01  1.610220e+00
11 27 4.2 1.517600e-02  6.889000e+01  1.298670e+01  1.728800e+01  8.102240e-01  1.904320e+00
11 28 4.2 1.571800e-02  5.156220e+01  9.478370e+00  1.804610e+01  6.723930e-01  1.427760e+00
11 29 4.2 1.626000e-02  3.608930e+01  8.866720e+00  1.888540e+01  5.359470e-01  1.048920e+00
11 30 4.2 1.680200e-02  3.171930e+01  9.337460e+00  1.945500e+01  4.067900e-01  1.021640e+00
11 31 4.2 1.734400e-02  4.166260e+01  8.919480e+00  1.957520e+01  2.892930e-01  1.345850e+00
11 32 4.2 1.788600e-02  5.120460e+01  9.045030e+00  2.074280e+01  1.852700e-01  1.653840e+00
11 33 4.2 1.842800e-02  5.092360e+01  1.157960e+01  2.315640e+01  9.278870e-02  1.847500e+00
11 34 4.2 1.897000e-02  4.687560e+01  8.758210e+00  2.298360e+01  4.799720e-03  1.754700e+00
11 35 4.2 1.951200e-02  5.947980e+01  1.051670e+01  2.582290e+01  0.000000e+00  2.546090e+00
12  1 4.4 1.084000e-03  1.346850e+02  2.905990e+01  6.777530e+00  3.404040e+00  2.937980e+00
12  2 4.4 1.626000e-03  1.330470e+02  1.773560e+01  6.832150e+00  2.876160e+00  2.806410e+00
12  3 4.4 2.168000e-03  1.126420e+02  2.195580e+01  6.909360e+00  2.393960e+00  2.294060e+00
12  4 4.4 2.710000e-03  1.286760e+02  2.242390e+01  7.009930e+00  1.968990e+00  2.504280e+00
12  5 4.4 3.252000e-03  1.266340e+02  2.234470e+01  7.134870e+00  1.607890e+00  2.352040e+00
12  6 4.4 3.794000e-03  1.031880e+02  1.432140e+01  7.285440e+00  1.313170e+00  1.825870e+00
12  7 4.4 4.336000e-03  1.068510e+02  2.512400e+01  7.463180e+00  1.083940e+00  1.788050e+00
12  8 4.4 4.878000e-03  1.296660e+02  2.462720e+01  7.669940e+00  9.165940e-01  2.042710e+00
12  9 4.4 5.420000e-03  8.166660e+01  1.397360e+01  7.907900e+00  8.054310e-01  1.217880e+00
12 10 4.4 5.962000e-03  8.749800e+01  1.528300e+01  8.179640e+00  7.432280e-01  1.223940e+00
12 11 4.4 6.504000e-03  1.014690e+02  1.800490e+01  8.488130e+00  7.217540e-01  1.333430e+00
12 12 4.4 7.046000e-03  9.314290e+01  1.550290e+01  8.836850e+00  7.322430e-01  1.148200e+00
12 13 4.4 7.588000e-03  8.066750e+01  1.428830e+01  9.229810e+00  7.658010e-01  9.512830e-01
12 14 4.4 8.130000e-03  8.686000e+01  1.485800e+01  9.671640e+00  8.137720e-01  9.801180e-01
12 15 4.4 8.672000e-03  8.797140e+01  1.297380e+01  1.016770e+01  8.680450e-01  9.596420e-01
12 16 4.4 9.214000e-03  7.150080e+01  1.015900e+01  1.072420e+01  9.213180e-01  7.950420e-01
12 17 4.4 9.756000e-03  8.003090e+01  1.575670e+01  1.134820e+01  9.673030e-01  9.073900e-01
12 18 4.4 1.029800e-02  4.818330e+01  9.741480e+00  1.204810e+01  1.000880e+00  5.662670e-01
12 19 4.4 1.084000e-02  7.982300e+01  2.072410e+01  1.283320e+01  1.018220e+00  9.864080e-01
12 20 4.4 1.138200e-02  1.015650e+02  1.720260e+01  1.371470e+01  1.016830e+00  1.341260e+00
12 21 4.4 1.192400e-02  1.056630e+02  2.120890e+01  1.470540e+01  9.955630e-01  1.545070e+00
12 22 4.4 1.246600e-02  8.887780e+01  1.717800e+01  1.582020e+01  9.545780e-01  1.353140e+00
12 23 4.4 1.300800e-02  6.343760e+01  1.363600e+01  1.707630e+01  8.952610e-01  1.041710e+00
12 24 4.4 1.355000e-02  4.698410e+01  1.064520e+01  1.753820e+01  8.200810e-01  8.706900e-01
12 25 4.4 1.409200e-02  6.872850e+01  1.422510e+01  1.811030e+01  7.324050e-01  1.353710e+00
12 26 4.4 1.463400e-02  5.333310e+01  1.116980e+01  1.884810e+01  6.362680e-01  1.123550e+00
12 27 4.4 1.517600e-02  4.893350e+01  9.883540e+00  1.966910e+01  5.360930e-01  1.103500e+00
12 28 4.4 1.571800e-02  5.397000e+01  1.555100e+01  1.967030e+01  4.363650e-01  1.372410e+00
12 29 4.4 1.626000e-02  4.766760e+01  1.254180e+01  2.069320e+01  3.412570e-01  1.262260e+00
12 30 4.4 1.680200e-02  5.611470e+01  1.362840e+01  2.279470e+01  2.542150e-01  1.598990e+00
12 31 4.4 1.734400e-02  8.651950e+01  2.208920e+01  2.429420e+01  1.774900e-01  2.592860e+00
12 32 4.4 1.788600e-02  7.236440e+01  2.219570e+01  2.515490e+01  1.116280e-01  2.190220e+00
12 33 4.4 1.842800e-02  6.443040e+01  2.044520e+01  2.493390e+01  5.491860e-02  2.133180e+00
12 34 4.4 1.897000e-02  7.231310e+01  1.759580e+01  2.778340e+01  2.791360e-03  2.701260e+00
12 35 4.4 1.951200e-02  9.926430e+01  1.991570e+01  2.545360e+01  0.000000e+00  4.152280e+00
