# z k1 k2 kc Pfid ThetaP p_final e_stat p_raw p_noise p_fid_qmle p_smooth e_n_syst e_res_syst e_cont_syst e_dla_syst p_sb1 e_sb1_stat e_total
# z: Redshift
# k1: Lower edge of k bin
# k2: Upper edge of k bin
# kc: Central k value
# Pfid: Input fiducial calculated at kc
# ThetaP: Deviation from fiducial power spectrum estimated by QMLE
# p_final: Final power spectrum estimate
# e_stat: Statistical error
# p_raw: Raw power estimate from QMLE
# p_noise: Noise power estimate from QMLE
# p_fid_qmle: Fiducial power contribution to the bin from QMLE
# p_smooth: Smoothed final power spectrum
# e_n_syst: Noise power systematic error budget
# e_res_syst: Resolution error systematic budget
# e_cont_syst: Continuum error systematic budget
# e_dla_syst: DLA finder inefficiency systematic budget
# p_sb1: SB 1 power spectrum
# e_sb1_stat: Statistical error on SB 1 power spectrum
# e_total: Total error
2.0 5.00000e-04 1.00000e-03 7.50000e-04 6.48380e+00 1.33681e+01 1.98519e+01 9.34438e-01 2.75092e+01 7.64161e+00 6.49955e+00 2.23249e+01 1.59254e-01 1.08615e-03 7.95018e-04 1.27841e+00 4.07286e+00 2.41018e-01 1.59150e+00
2.0 1.00000e-03 1.50000e-03 1.25000e-03 9.54322e+00 6.62579e+00 1.61690e+01 5.82964e-01 2.72278e+01 1.09251e+01 9.67691e+00 2.00071e+01 1.83154e-01 2.70385e-03 1.48002e-03 3.37478e-01 1.78056e+00 1.88408e-01 6.98064e-01
2.0 1.50000e-03 2.00000e-03 1.75000e-03 1.08056e+01 4.96265e+00 1.57682e+01 6.09910e-01 2.80382e+01 1.22092e+01 1.08664e+01 1.87697e+01 1.89633e-01 4.97176e-03 1.41962e-03 1.41513e-01 1.55857e+00 1.36056e-01 6.54220e-01
2.0 2.00000e-03 2.50000e-03 2.25000e-03 1.12764e+01 6.47977e+00 1.77561e+01 5.44803e-01 3.06057e+01 1.28003e+01 1.13256e+01 1.78307e+01 1.90981e-01 7.80749e-03 3.69926e-04 7.31888e-02 1.12476e+00 1.44411e-01 5.81981e-01
2.0 2.50000e-03 3.00000e-03 2.75000e-03 1.13527e+01 6.29670e+00 1.76494e+01 5.11188e-01 3.07101e+01 1.30157e+01 1.13977e+01 1.70169e+01 1.89558e-01 1.11307e-02 5.55147e-04 5.09785e-02 1.45547e+00 1.55753e-01 5.47694e-01
2.0 3.00000e-03 3.50000e-03 3.25000e-03 1.12197e+01 4.64095e+00 1.58607e+01 5.58542e-01 2.89683e+01 1.30621e+01 1.12653e+01 1.62740e+01 1.87206e-01 1.48675e-02 4.56140e-04 5.72468e-02 1.09961e+00 1.17858e-01 5.92042e-01
2.0 3.50000e-03 4.00000e-03 3.75000e-03 1.09728e+01 1.98734e+00 1.29601e+01 5.49892e-01 2.60064e+01 1.29974e+01 1.10216e+01 1.55811e+01 1.84217e-01 1.89513e-02 2.98334e-04 5.58965e-02 7.83973e-01 1.15101e-01 5.82924e-01
2.0 4.00000e-03 4.50000e-03 4.25000e-03 1.06645e+01 6.91498e-01 1.13560e+01 5.49206e-01 2.42679e+01 1.28585e+01 1.07179e+01 1.49290e+01 1.80862e-01 2.33230e-02 3.66899e-04 6.78514e-02 9.82685e-01 1.09887e-01 5.82654e-01
2.0 4.50000e-03 5.00000e-03 4.75000e-03 1.03251e+01 3.23738e+00 1.35625e+01 5.03785e-01 2.63137e+01 1.26931e+01 1.03832e+01 1.43126e+01 1.77555e-01 2.79307e-02 1.86238e-04 3.72139e-02 5.49135e-01 1.10121e-01 5.36181e-01
2.0 5.00000e-03 5.50000e-03 5.25000e-03 9.97267e+00 2.45357e+00 1.24262e+01 5.97091e-01 2.49949e+01 1.25057e+01 1.00357e+01 1.37287e+01 1.74278e-01 3.27285e-02 1.72555e-04 2.83077e-02 5.08202e-01 1.09207e-01 6.23508e-01
2.0 5.50000e-03 6.00000e-03 5.75000e-03 9.61807e+00 3.84099e+00 1.34591e+01 5.50606e-01 2.58347e+01 1.23072e+01 9.68650e+00 1.31752e+01 1.71079e-01 3.76764e-02 1.49124e-04 5.53655e-02 5.77052e-01 1.04831e-01 5.80448e-01
2.0 6.00000e-03 6.50000e-03 6.25000e-03 9.26790e+00 2.03523e+00 1.13031e+01 7.58855e-01 2.34860e+01 1.21092e+01 9.34165e+00 1.26499e+01 1.68068e-01 4.27392e-02 2.49849e-04 3.23601e-02 5.56493e-01 1.06453e-01 7.79091e-01
2.0 6.50000e-03 7.00000e-03 6.75000e-03 8.92613e+00 1.31852e+00 1.02446e+01 5.78774e-01 2.22321e+01 1.19088e+01 9.00480e+00 1.21514e+01 1.65174e-01 4.78862e-02 2.38143e-04 5.09871e-02 4.50146e-01 1.06098e-01 6.05933e-01
2.0 7.00000e-03 7.50000e-03 7.25000e-03 8.59507e+00 1.02525e-01 8.69760e+00 5.69023e-01 2.04955e+01 1.17145e+01 8.67850e+00 1.16779e+01 1.62477e-01 5.30906e-02 7.90251e-04 4.97587e-02 4.46869e-01 9.72483e-02 5.96222e-01
2.0 7.50000e-03 8.00000e-03 7.75000e-03 8.27600e+00 3.81005e+00 1.20860e+01 5.02821e-01 2.37054e+01 1.15309e+01 8.36441e+00 1.12280e+01 1.60014e-01 5.83290e-02 3.36919e-04 4.86842e-02 8.03702e-01 8.52468e-02 5.33110e-01
2.0 8.00000e-03 8.50000e-03 8.25000e-03 7.96949e+00 3.21235e+00 1.11818e+01 5.22477e-01 2.26286e+01 1.13533e+01 8.06294e+00 1.08004e+01 1.57713e-01 6.35809e-02 9.92954e-05 6.76950e-02 4.63079e-01 1.03010e-01 5.53607e-01
2.0 8.50000e-03 9.00000e-03 8.75000e-03 7.67569e+00 2.00092e+00 9.67661e+00 4.86920e-01 2.09591e+01 1.11839e+01 7.77430e+00 1.03938e+01 1.55594e-01 6.88286e-02 3.32812e-04 4.56871e-02 3.38275e-01 9.89017e-02 5.17808e-01
2.0 9.00000e-03 9.50000e-03 9.25000e-03 7.39446e+00 1.41868e+00 8.81314e+00 4.78907e-01 1.99340e+01 1.10206e+01 7.49472e+00 1.00070e+01 1.53627e-01 7.40566e-02 6.51982e-05 4.24765e-02 7.90762e-01 1.07012e-01 5.10139e-01
2.0 9.50000e-03 1.00000e-02 9.75000e-03 7.12550e+00 4.52197e-01 7.57770e+00 4.51648e-01 1.85934e+01 1.08849e+01 7.25636e+00 9.63874e+00 1.52027e-01 7.92514e-02 4.85740e-05 4.67516e-02 7.09223e-01 1.07308e-01 4.85350e-01
2.0 1.00000e-02 1.12202e-02 1.06101e-02 6.69030e+00 1.29535e+00 7.98565e+00 2.95487e-01 1.87524e+01 1.06420e+01 6.81504e+00 9.04582e+00 1.49370e-01 8.80772e-02 1.56345e-04 4.63421e-02 7.64909e-01 6.42863e-02 3.45730e-01
2.0 1.12202e-02 1.25892e-02 1.19047e-02 6.09582e+00 1.28501e+00 7.38082e+00 2.53509e-01 1.78420e+01 1.03325e+01 6.22446e+00 8.24039e+00 1.46334e-01 1.01010e-01 4.17333e-05 3.44332e-02 7.39956e-01 8.07946e-02 3.11559e-01
2.0 1.25892e-02 1.41254e-02 1.33573e-02 5.50568e+00 1.50480e+00 7.01048e+00 2.52794e-01 1.72104e+01 1.00585e+01 5.64713e+00 7.44506e+00 1.44241e-01 1.14890e-01 9.14774e-06 3.12626e-02 7.62055e-01 8.16702e-02 3.14464e-01
2.0 1.41254e-02 1.58489e-02 1.49871e-02 4.92648e+00 1.21002e+00 6.13650e+00 2.06410e-01 1.61224e+01 9.82964e+00 5.08273e+00 6.66829e+00 1.43390e-01 1.29548e-01 1.19664e-05 2.67205e-02 5.93583e-01 6.77116e-02 2.84011e-01
2.0 1.58489e-02 1.77828e-02 1.68159e-02 4.36426e+00 1.01572e+00 5.37998e+00 2.14736e-01 1.52147e+01 9.66154e+00 4.53746e+00 5.91821e+00 1.44271e-01 1.44746e-01 3.32766e-05 2.81302e-02 4.69815e-01 7.62615e-02 2.97772e-01
2.0 1.77828e-02 1.99526e-02 1.88677e-02 3.82455e+00 6.72637e-01 4.49719e+00 2.08175e-01 1.42613e+01 9.57143e+00 4.01727e+00 5.20238e+00 1.47602e-01 1.60184e-01 2.74617e-05 2.61005e-02 4.87736e-01 6.42681e-02 3.02429e-01
2.0 1.99526e-02 2.23872e-02 2.11699e-02 3.31234e+00 7.77603e-01 4.08994e+00 2.13023e-01 1.38882e+01 9.58350e+00 3.52711e+00 4.52745e+00 1.54595e-01 1.75497e-01 2.50379e-05 2.96093e-02 5.43074e-01 7.18534e-02 3.17733e-01
2.2 5.00000e-04 1.00000e-03 7.50000e-04 8.92413e+00 1.33906e+01 2.23147e+01 7.07770e-01 2.87113e+01 6.33650e+00 8.98416e+00 2.65491e+01 1.19959e-01 1.13525e-03 9.45446e-04 1.52030e+00 4.00158e+00 1.77769e-01 1.68126e+00
2.2 1.00000e-03 1.50000e-03 1.25000e-03 1.26743e+01 1.00395e+01 2.27138e+01 4.73632e-01 3.14806e+01 8.55698e+00 1.28841e+01 2.43150e+01 1.34358e-01 2.88811e-03 1.79869e-03 4.10143e-01 1.75871e+00 1.24794e-01 6.40787e-01
2.2 1.50000e-03 2.00000e-03 1.75000e-03 1.41697e+01 6.68211e+00 2.08518e+01 5.11403e-01 3.04330e+01 9.44033e+00 1.43106e+01 2.28738e+01 1.38504e-01 5.32518e-03 1.73004e-03 1.72456e-01 1.89567e+00 1.05744e-01 5.57215e-01
2.2 2.00000e-03 2.50000e-03 2.25000e-03 1.46827e+01 6.63513e+00 2.13178e+01 5.22999e-01 3.12953e+01 9.84266e+00 1.48175e+01 2.16905e+01 1.39223e-01 8.34748e-03 4.50003e-04 8.90319e-02 1.06251e+00 9.93237e-02 5.48551e-01
2.2 2.50000e-03 3.00000e-03 2.75000e-03 1.47120e+01 6.56959e+00 2.12816e+01 5.35070e-01 3.14103e+01 9.99892e+00 1.48418e+01 2.06415e+01 1.38291e-01 1.18666e-02 6.73393e-04 6.18369e-02 1.55647e+00 1.19823e-01 5.56228e-01
2.2 3.00000e-03 3.50000e-03 3.25000e-03 1.44886e+01 6.09579e+00 2.05844e+01 5.18589e-01 3.07156e+01 1.00016e+01 1.46181e+01 1.96844e+01 1.36290e-01 1.58055e-02 5.51728e-04 6.92435e-02 1.01547e+00 7.66506e-02 5.40883e-01
2.2 3.50000e-03 4.00000e-03 3.75000e-03 1.41306e+01 2.44205e+00 1.65726e+01 4.92386e-01 2.66210e+01 9.91902e+00 1.42600e+01 1.87999e+01 1.33780e-01 2.00973e-02 3.59963e-04 6.74437e-02 7.34766e-01 7.87757e-02 5.15066e-01
2.2 4.00000e-03 4.50000e-03 4.25000e-03 1.37024e+01 1.02241e+00 1.47248e+01 4.93699e-01 2.46562e+01 9.80076e+00 1.38331e+01 1.79772e+01 1.31199e-01 2.46842e-02 4.41813e-04 8.17053e-02 6.18552e-01 8.09360e-02 5.17916e-01
2.2 4.50000e-03 5.00000e-03 4.75000e-03 1.32410e+01 1.42026e+00 1.46613e+01 4.33839e-01 2.44377e+01 9.64403e+00 1.33734e+01 1.72089e+01 1.28411e-01 2.95163e-02 2.23926e-04 4.47448e-02 2.38083e-01 6.23544e-02 4.55609e-01
2.2 5.00000e-03 5.50000e-03 5.25000e-03 1.27679e+01 3.76077e+00 1.65287e+01 5.05983e-01 2.61394e+01 9.47594e+00 1.29027e+01 1.64896e+01 1.25677e-01 3.45501e-02 2.07256e-04 3.40005e-02 4.08966e-01 6.59943e-02 5.23606e-01
2.2 5.50000e-03 6.00000e-03 5.75000e-03 1.22961e+01 4.34426e+00 1.66404e+01 4.46206e-01 2.60842e+01 9.30743e+00 1.24326e+01 1.58146e+01 1.23087e-01 3.97480e-02 1.78999e-04 6.64573e-02 3.93348e-01 7.60574e-02 4.69305e-01
2.2 6.00000e-03 6.50000e-03 6.25000e-03 1.18332e+01 1.60855e+00 1.34418e+01 4.46723e-01 2.27153e+01 9.13549e+00 1.19712e+01 1.51802e+01 1.20572e-01 4.50773e-02 2.99824e-04 3.88328e-02 5.13054e-01 6.68522e-02 4.66518e-01
2.2 6.50000e-03 7.00000e-03 6.75000e-03 1.13836e+01 1.50646e+00 1.28901e+01 4.19514e-01 2.20030e+01 8.97219e+00 1.15243e+01 1.45829e+01 1.18250e-01 5.05093e-02 2.85796e-04 6.11897e-02 4.17031e-01 6.83516e-02 4.43024e-01
2.2 7.00000e-03 7.50000e-03 7.25000e-03 1.09499e+01 1.71316e+00 1.26631e+01 4.96330e-01 2.16145e+01 8.80808e+00 1.10933e+01 1.40198e+01 1.15999e-01 5.60192e-02 9.48728e-04 5.97373e-02 3.29240e-01 5.56274e-02 5.16243e-01
2.2 7.50000e-03 8.00000e-03 7.75000e-03 1.05333e+01 3.54389e+00 1.40772e+01 4.16500e-01 2.28681e+01 8.64524e+00 1.06789e+01 1.34882e+01 1.13824e-01 6.15852e-02 4.04738e-04 5.84840e-02 4.56156e-01 5.41786e-02 4.40047e-01
2.2 8.00000e-03 8.50000e-03 8.25000e-03 1.01343e+01 3.98350e+00 1.41178e+01 4.46811e-01 2.27571e+01 8.49204e+00 1.02816e+01 1.29857e+01 1.11818e-01 6.71881e-02 1.19386e-04 8.13917e-02 4.32592e-01 5.23626e-02 4.72527e-01
2.2 8.50000e-03 9.00000e-03 8.75000e-03 9.75271e+00 2.28429e+00 1.20370e+01 4.67985e-01 2.05336e+01 8.34639e+00 9.90291e+00 1.25102e+01 1.09948e-01 7.28114e-02 4.00578e-04 5.49898e-02 4.96885e-01 6.35001e-02 4.89309e-01
2.2 9.00000e-03 9.50000e-03 9.25000e-03 9.38826e+00 2.62289e+00 1.20112e+01 3.99482e-01 2.03720e+01 8.21048e+00 9.53862e+00 1.20597e+01 1.08234e-01 7.84404e-02 7.85723e-05 5.11897e-02 5.79968e-01 6.01232e-02 4.24351e-01
2.2 9.50000e-03 1.00000e-02 9.75000e-03 9.04039e+00 2.02935e+00 1.10697e+01 3.38297e-01 1.93500e+01 8.09345e+00 9.22717e+00 1.16325e+01 1.06781e-01 8.40624e-02 5.86213e-05 5.64220e-02 6.23743e-01 5.65581e-02 3.68914e-01
2.2 1.00000e-02 1.12202e-02 1.06101e-02 8.47879e+00 2.37232e+00 1.08511e+01 2.13605e-01 1.88966e+01 7.87464e+00 8.64967e+00 1.09474e+01 1.04158e-01 9.36848e-02 1.89211e-04 5.60840e-02 7.17580e-01 6.90920e-02 2.61531e-01
2.2 1.12202e-02 1.25892e-02 1.19047e-02 7.71399e+00 1.88006e+00 9.59405e+00 2.05788e-01 1.73590e+01 7.59635e+00 7.88261e+00 1.00214e+01 1.00963e-01 1.07965e-01 5.07530e-05 4.18752e-02 7.02556e-01 6.24586e-02 2.56811e-01
2.2 1.25892e-02 1.41254e-02 1.33573e-02 6.95727e+00 1.64678e+00 8.60405e+00 2.00222e-01 1.61198e+01 7.33857e+00 7.13444e+00 9.11062e+00 9.82183e-02 1.23568e-01 1.11942e-05 3.82564e-02 7.13734e-01 6.62722e-02 2.57815e-01
2.2 1.41254e-02 1.58489e-02 1.49871e-02 6.21681e+00 1.57417e+00 7.79098e+00 1.52172e-01 1.50861e+01 7.10878e+00 6.40318e+00 8.22305e+00 9.60789e-02 1.40408e-01 1.47564e-05 3.29505e-02 3.86990e-01 3.31642e-02 2.30624e-01
2.2 1.58489e-02 1.77828e-02 1.68159e-02 5.50007e+00 1.80668e+00 7.30675e+00 1.69928e-01 1.44235e+01 6.91803e+00 5.69883e+00 7.36612e+00 9.47543e-02 1.58342e-01 4.14178e-05 3.50124e-02 2.83959e-01 3.06678e-02 2.53283e-01
2.2 1.77828e-02 1.99526e-02 1.88677e-02 4.81382e+00 1.35228e+00 6.16610e+00 1.41758e-01 1.31663e+01 6.78416e+00 5.02983e+00 6.54670e+00 9.46162e-02 1.77166e-01 3.45579e-05 3.28450e-02 1.43042e-01 2.73715e-02 2.48020e-01
2.2 1.99526e-02 2.23872e-02 2.11699e-02 4.16414e+00 1.19511e+00 5.35925e+00 1.22370e-01 1.23410e+01 6.73960e+00 4.40625e+00 5.77087e+00 9.63439e-02 1.96607e-01 3.19144e-05 3.77413e-02 1.99734e-01 3.10523e-02 2.53645e-01
2.2 2.23872e-02 2.51189e-02 2.37530e-02 3.55639e+00 1.24047e+00 4.79686e+00 1.44069e-01 1.19248e+01 6.84327e+00 3.84101e+00 5.04375e+00 1.01218e-01 2.16328e-01 1.07815e-05 3.28666e-02 3.46107e-01 4.02750e-02 2.80854e-01
2.4 5.00000e-04 1.00000e-03 7.50000e-04 1.19437e+01 1.49384e+01 2.68821e+01 7.51159e-01 3.39897e+01 6.94626e+00 1.21051e+01 3.18054e+01 1.23369e-01 1.20472e-03 1.13263e-03 1.82129e+00 4.29128e+00 1.71499e-01 1.97398e+00
2.4 1.00000e-03 1.50000e-03 1.25000e-03 1.64842e+01 1.03361e+01 2.68203e+01 6.88033e-01 3.64875e+01 9.44237e+00 1.67090e+01 2.93394e+01 1.41342e-01 3.08697e-03 2.17037e-03 4.94894e-01 2.18837e+00 1.16910e-01 8.59244e-01
2.4 1.50000e-03 2.00000e-03 1.75000e-03 1.82330e+01 5.71690e+00 2.39500e+01 4.98054e-01 3.43736e+01 1.03007e+01 1.83560e+01 2.75781e+01 1.45380e-01 5.68725e-03 2.08584e-03 2.07923e-01 1.80646e+00 1.00106e-01 5.58983e-01
2.4 2.00000e-03 2.50000e-03 2.25000e-03 1.87780e+01 7.61584e+00 2.63939e+01 6.12264e-01 3.71880e+01 1.06835e+01 1.88887e+01 2.60900e+01 1.45963e-01 8.89409e-03 5.41277e-04 1.07090e-01 1.22272e+00 8.73086e-02 6.38529e-01
2.4 2.50000e-03 3.00000e-03 2.75000e-03 1.87375e+01 6.52044e+00 2.52579e+01 6.19634e-01 3.61501e+01 1.07886e+01 1.88410e+01 2.47674e+01 1.44485e-01 1.26127e-02 8.07992e-04 7.41969e-02 1.82049e+00 9.49835e-02 6.40692e-01
2.4 3.00000e-03 3.50000e-03 3.25000e-03 1.83957e+01 5.17914e+00 2.35748e+01 4.85733e-01 3.44430e+01 1.07671e+01 1.84968e+01 2.35677e+01 1.42250e-01 1.67628e-02 6.60575e-04 8.29040e-02 1.18416e+00 9.34320e-02 5.13153e-01
2.4 3.50000e-03 4.00000e-03 3.75000e-03 1.78970e+01 1.18984e+00 1.90868e+01 5.25738e-01 2.98506e+01 1.06615e+01 1.79992e+01 2.24685e+01 1.39505e-01 2.12764e-02 4.30207e-04 8.06047e-02 9.33961e-01 7.11247e-02 5.50283e-01
2.4 4.00000e-03 4.50000e-03 4.25000e-03 1.73195e+01 4.68655e-01 1.77881e+01 5.57357e-01 2.84071e+01 1.05144e+01 1.74241e+01 2.14549e+01 1.36607e-01 2.60956e-02 5.27282e-04 9.75114e-02 9.09486e-01 8.15646e-02 5.82664e-01
2.4 4.50000e-03 5.00000e-03 4.75000e-03 1.67075e+01 1.99016e+00 1.86976e+01 5.26839e-01 2.91449e+01 1.03405e+01 1.68142e+01 2.05161e+01 1.33639e-01 3.11706e-02 2.66960e-04 5.33437e-02 4.13723e-01 5.07827e-02 5.47025e-01
2.4 5.00000e-03 5.50000e-03 5.25000e-03 1.60866e+01 2.55939e+00 1.86460e+01 6.48948e-01 2.89128e+01 1.01566e+01 1.61968e+01 1.96436e+01 1.30737e-01 3.64588e-02 2.46899e-04 4.05038e-02 4.11315e-01 5.02049e-02 6.64225e-01
2.4 5.50000e-03 6.00000e-03 5.75000e-03 1.54718e+01 3.89586e+00 1.93677e+01 5.57910e-01 2.94450e+01 9.96393e+00 1.55852e+01 1.88304e+01 1.27869e-01 4.19234e-02 2.13132e-04 7.91301e-02 4.08355e-01 5.34149e-02 5.79339e-01
2.4 6.00000e-03 6.50000e-03 6.25000e-03 1.48719e+01 1.82430e+00 1.66962e+01 5.04867e-01 2.65846e+01 9.77219e+00 1.49881e+01 1.80704e+01 1.25124e-01 4.75323e-02 3.56908e-04 4.62262e-02 4.65993e-01 6.31643e-02 5.24350e-01
2.4 6.50000e-03 7.00000e-03 6.75000e-03 1.42918e+01 7.43451e-01 1.50352e+01 4.57587e-01 2.47394e+01 9.58415e+00 1.44118e+01 1.73586e+01 1.22510e-01 5.32579e-02 3.40195e-04 7.28365e-02 4.31178e-01 4.94862e-02 4.82220e-01
2.4 7.00000e-03 7.50000e-03 7.25000e-03 1.37341e+01 1.49512e+00 1.52292e+01 5.09335e-01 2.47519e+01 9.39960e+00 1.38572e+01 1.66906e+01 1.20012e-01 5.90758e-02 1.12946e-03 7.11174e-02 4.49154e-01 5.14534e-02 5.31389e-01
2.4 7.50000e-03 8.00000e-03 7.75000e-03 1.32000e+01 2.50958e+00 1.57096e+01 4.40488e-01 2.50576e+01 9.22172e+00 1.33263e+01 1.60625e+01 1.17652e-01 6.49648e-02 4.81986e-04 6.96461e-02 4.41867e-01 4.62045e-02 4.65771e-01
2.4 8.00000e-03 8.50000e-03 8.25000e-03 1.26896e+01 3.11901e+00 1.58086e+01 4.76391e-01 2.49872e+01 9.04890e+00 1.28193e+01 1.54709e+01 1.15403e-01 7.09064e-02 1.42234e-04 9.69685e-02 4.23237e-01 5.11079e-02 5.04675e-01
2.4 8.50000e-03 9.00000e-03 8.75000e-03 1.22027e+01 3.15847e+00 1.53611e+01 5.04635e-01 2.43785e+01 8.88379e+00 1.23363e+01 1.49128e+01 1.13288e-01 7.68842e-02 4.77510e-04 6.55507e-02 6.01004e-01 4.90073e-02 5.26971e-01
2.4 9.00000e-03 9.50000e-03 9.25000e-03 1.17385e+01 1.61830e+00 1.33568e+01 3.73625e-01 2.22129e+01 8.72472e+00 1.18699e+01 1.43855e+01 1.11282e-01 8.28840e-02 9.37256e-05 6.10620e-02 1.00716e+00 5.61728e-02 4.03209e-01
2.4 9.50000e-03 1.00000e-02 9.75000e-03 1.12961e+01 6.99725e-01 1.19959e+01 3.95175e-01 2.07721e+01 8.59233e+00 1.14801e+01 1.38866e+01 1.09622e-01 8.88930e-02 6.99809e-05 6.73555e-02 6.40817e-01 4.85389e-02 4.24993e-01
2.4 1.00000e-02 1.12202e-02 1.06101e-02 1.05835e+01 2.27487e+00 1.28583e+01 2.75044e-01 2.13580e+01 8.34011e+00 1.07430e+01 1.30888e+01 1.06551e-01 9.92198e-02 2.26222e-04 6.70543e-02 8.38085e-01 3.88667e-02 3.18345e-01
2.4 1.12202e-02 1.25892e-02 1.19047e-02 9.61568e+00 1.64064e+00 1.12563e+01 2.20735e-01 1.94211e+01 8.00995e+00 9.77047e+00 1.20139e+01 1.02638e-01 1.14652e-01 6.08440e-05 5.02010e-02 7.96487e-01 4.04406e-02 2.73723e-01
2.4 1.25892e-02 1.41254e-02 1.33573e-02 8.66090e+00 1.81322e+00 1.04741e+01 2.37817e-01 1.83344e+01 7.69610e+00 8.82510e+00 1.09598e+01 9.90755e-02 1.31675e-01 1.34663e-05 4.60215e-02 8.11615e-01 4.12849e-02 2.92966e-01
2.4 1.41254e-02 1.58489e-02 1.49871e-02 7.72917e+00 1.33946e+00 9.06862e+00 1.72390e-01 1.66457e+01 7.40216e+00 7.90408e+00 9.93453e+00 9.59358e-02 1.50261e-01 1.78277e-05 3.98086e-02 4.95565e-01 2.82356e-02 2.51167e-01
2.4 1.58489e-02 1.77828e-02 1.68159e-02 6.82958e+00 1.82051e+00 8.65008e+00 1.43968e-01 1.59764e+01 7.13807e+00 7.01777e+00 8.94535e+00 9.33881e-02 1.70333e-01 5.02974e-05 4.25187e-02 3.41210e-01 2.53297e-02 2.45498e-01
2.4 1.77828e-02 1.99526e-02 1.88677e-02 5.97031e+00 1.77390e+00 7.74421e+00 1.30760e-01 1.48644e+01 6.91544e+00 6.17502e+00 7.99907e+00 9.16505e-02 1.91752e-01 4.22245e-05 4.01316e-02 1.18029e-01 2.84094e-02 2.52740e-01
2.4 1.99526e-02 2.23872e-02 2.11699e-02 5.15867e+00 1.58003e+00 6.73870e+00 1.46543e-01 1.37172e+01 6.75250e+00 5.38464e+00 7.10163e+00 9.10768e-02 2.14318e-01 3.92738e-05 4.64444e-02 1.95125e-01 2.04388e-02 2.79032e-01
2.4 2.23872e-02 2.51189e-02 2.37530e-02 4.40102e+00 1.65006e+00 6.05108e+00 1.16997e-01 1.29807e+01 6.67661e+00 4.65402e+00 6.25805e+00 9.22393e-02 2.37760e-01 1.33772e-05 4.07794e-02 3.60866e-01 2.90632e-02 2.83530e-01
2.6 5.00000e-04 1.00000e-03 7.50000e-04 1.56233e+01 1.86302e+01 3.42535e+01 1.10929e+00 4.31065e+01 8.70789e+00 1.57684e+01 3.82659e+01 1.47603e-01 1.29285e-03 1.36270e-03 2.19124e+00 4.82934e+00 1.70436e-01 2.46046e+00
2.6 1.00000e-03 1.50000e-03 1.25000e-03 2.10608e+01 1.12352e+01 3.22960e+01 9.92913e-01 4.38275e+01 1.12658e+01 2.13266e+01 3.52751e+01 1.64674e-01 3.31058e-03 2.60946e-03 5.95017e-01 2.80764e+00 1.24089e-01 1.16921e+00
2.6 1.50000e-03 2.00000e-03 1.75000e-03 2.30821e+01 6.36698e+00 2.94491e+01 7.72133e-01 4.17581e+01 1.21627e+01 2.32284e+01 3.30719e+01 1.68370e-01 6.08346e-03 2.50136e-03 2.49344e-01 2.39605e+00 1.12620e-01 8.28705e-01
2.6 2.00000e-03 2.50000e-03 2.25000e-03 2.36451e+01 8.07857e+00 3.17236e+01 9.34992e-01 4.44008e+01 1.25439e+01 2.37784e+01 3.12092e+01 1.68504e-01 9.48993e-03 6.47483e-04 1.28103e-01 1.56911e+00 1.05329e-01 9.58700e-01
2.6 2.50000e-03 3.00000e-03 2.75000e-03 2.35072e+01 6.26318e+00 2.97704e+01 7.70156e-01 4.25165e+01 1.26211e+01 2.36322e+01 2.95645e+01 1.66421e-01 1.34292e-02 9.64490e-04 8.85680e-02 2.06683e+00 9.23075e-02 7.93008e-01
2.6 3.00000e-03 3.50000e-03 3.25000e-03 2.30143e+01 5.86219e+00 2.88765e+01 7.09906e-01 4.15621e+01 1.25632e+01 2.31366e+01 2.80844e+01 1.63566e-01 1.78175e-02 7.87172e-04 9.87922e-02 1.45419e+00 9.52506e-02 7.35390e-01
2.6 3.50000e-03 4.00000e-03 3.75000e-03 2.23408e+01 1.55767e+00 2.38984e+01 7.67428e-01 3.64548e+01 1.24330e+01 2.24641e+01 2.67382e+01 1.60400e-01 2.25844e-02 5.11959e-04 9.59220e-02 1.03812e+00 7.90478e-02 7.90181e-01
2.6 4.00000e-03 4.50000e-03 4.25000e-03 2.15802e+01 8.37302e-02 2.16639e+01 7.26546e-01 3.40371e+01 1.22476e+01 2.17057e+01 2.55050e+01 1.56960e-01 2.76706e-02 6.26819e-04 1.15919e-01 9.58953e-01 7.70298e-02 7.52800e-01
2.6 4.50000e-03 5.00000e-03 4.75000e-03 2.07851e+01 1.47919e+00 2.22642e+01 7.57140e-01 3.44174e+01 1.20257e+01 2.09125e+01 2.43695e+01 1.53353e-01 3.30254e-02 3.17100e-04 6.33627e-02 5.68153e-01 6.64689e-02 7.75811e-01
2.6 5.00000e-03 5.50000e-03 5.25000e-03 1.99854e+01 1.66092e+00 2.16463e+01 7.75806e-01 3.35743e+01 1.17970e+01 2.01163e+01 2.33193e+01 1.49864e-01 3.86055e-02 2.93098e-04 4.80829e-02 5.68357e-01 5.62658e-02 7.92551e-01
2.6 5.50000e-03 6.00000e-03 5.75000e-03 1.91985e+01 2.92933e+00 2.21279e+01 7.61153e-01 3.38297e+01 1.15680e+01 1.93324e+01 2.23447e+01 1.46522e-01 4.43736e-02 2.52909e-04 9.38982e-02 5.37162e-01 5.96010e-02 7.82055e-01
2.6 6.00000e-03 6.50000e-03 6.25000e-03 1.84343e+01 2.21510e+00 2.06494e+01 7.07404e-01 3.21226e+01 1.13366e+01 1.85709e+01 2.14374e+01 1.43269e-01 5.02975e-02 4.23410e-04 5.48394e-02 7.46709e-01 6.49682e-02 7.25592e-01
2.6 6.50000e-03 7.00000e-03 6.75000e-03 1.76981e+01 6.62177e-01 1.83603e+01 5.65654e-01 2.96135e+01 1.11130e+01 1.78383e+01 2.05903e+01 1.40202e-01 5.63490e-02 4.03531e-04 8.63969e-02 4.86318e-01 5.59779e-02 5.91829e-01
2.6 7.00000e-03 7.50000e-03 7.25000e-03 1.69924e+01 2.59262e-01 1.72517e+01 6.62259e-01 2.82862e+01 1.08917e+01 1.71353e+01 1.97977e+01 1.37239e-01 6.25037e-02 1.33972e-03 8.43566e-02 5.35405e-01 6.06673e-02 6.84432e-01
2.6 7.50000e-03 8.00000e-03 7.75000e-03 1.63183e+01 4.24088e+00 2.05592e+01 6.15842e-01 3.13845e+01 1.06792e+01 1.64644e+01 1.90543e+01 1.34442e-01 6.87402e-02 5.71760e-04 8.26184e-02 6.83231e-01 5.46283e-02 6.39443e-01
2.6 8.00000e-03 8.50000e-03 8.25000e-03 1.56757e+01 2.66773e+00 1.83434e+01 7.30699e-01 2.89699e+01 1.04772e+01 1.58250e+01 1.83556e+01 1.31820e-01 7.50397e-02 1.68755e-04 1.15049e-01 5.69988e-01 5.71696e-02 7.55093e-01
2.6 8.50000e-03 9.00000e-03 8.75000e-03 1.50637e+01 1.34368e+00 1.64073e+01 7.42541e-01 2.68430e+01 1.02828e+01 1.52165e+01 1.76977e+01 1.29334e-01 8.13857e-02 5.66684e-04 7.77921e-02 5.98239e-01 4.78294e-02 7.62083e-01
2.6 9.00000e-03 9.50000e-03 9.25000e-03 1.44812e+01 3.12285e+00 1.76041e+01 5.71376e-01 2.78516e+01 1.00961e+01 1.46327e+01 1.70772e+01 1.26976e-01 8.77637e-02 1.11263e-04 7.24873e-02 1.02060e+00 6.75871e-02 5.96280e-01
2.6 9.50000e-03 1.00000e-02 9.75000e-03 1.39271e+01 2.04098e+00 1.59681e+01 6.84170e-01 2.61150e+01 9.93728e+00 1.41367e+01 1.64910e+01 1.24979e-01 9.41608e-02 8.31054e-05 7.99876e-02 8.80714e-01 5.96822e-02 7.06380e-01
2.6 1.00000e-02 1.12202e-02 1.06101e-02 1.30360e+01 2.42731e+00 1.54633e+01 3.72492e-01 2.52861e+01 9.64226e+00 1.32165e+01 1.55550e+01 1.21358e-01 1.05178e-01 2.68848e-04 7.96891e-02 9.65826e-01 6.98086e-02 4.13389e-01
2.6 1.12202e-02 1.25892e-02 1.19047e-02 1.18288e+01 2.05815e+00 1.38870e+01 3.39137e-01 2.33132e+01 9.25442e+00 1.20006e+01 1.42968e+01 1.16693e-01 1.21700e-01 7.24057e-05 5.97403e-02 8.87266e-01 5.01799e-02 3.83420e-01
2.6 1.25892e-02 1.41254e-02 1.33573e-02 1.06410e+01 1.55488e+00 1.21959e+01 2.17646e-01 2.12612e+01 8.88611e+00 1.08202e+01 1.30653e+01 1.12396e-01 1.40014e-01 1.60533e-05 5.48625e-02 8.20331e-01 5.09257e-02 2.87431e-01
2.6 1.41254e-02 1.58489e-02 1.49871e-02 9.48480e+00 2.25898e+00 1.17438e+01 2.16485e-01 2.04721e+01 8.54118e+00 9.67196e+00 1.18690e+01 1.08534e-01 1.60127e-01 2.12991e-05 4.75600e-02 5.54960e-01 2.37830e-02 2.94191e-01
2.6 1.58489e-02 1.77828e-02 1.68159e-02 8.37106e+00 1.91552e+00 1.02866e+01 1.69239e-01 1.87162e+01 8.23241e+00 8.56830e+00 1.07156e+01 1.05293e-01 1.81999e-01 6.02511e-05 5.09330e-02 3.30310e-01 2.25253e-02 2.74675e-01
2.6 1.77828e-02 1.99526e-02 1.88677e-02 7.30957e+00 1.84804e+00 9.15761e+00 2.23912e-01 1.73436e+01 7.97534e+00 7.52018e+00 9.61235e+00 1.02911e-01 2.05534e-01 5.07405e-05 4.82255e-02 1.82912e-01 2.49843e-02 3.24495e-01
2.6 1.99526e-02 2.23872e-02 2.11699e-02 6.30899e+00 1.89880e+00 8.20779e+00 1.64928e-01 1.62216e+01 7.78616e+00 6.53665e+00 8.56543e+00 1.01669e-01 2.30570e-01 4.73690e-05 5.60176e-02 1.86327e-01 2.15043e-02 3.06330e-01
2.6 2.23872e-02 2.51189e-02 2.37530e-02 5.37683e+00 1.80852e+00 7.18536e+00 1.48253e-01 1.51260e+01 7.69205e+00 5.62537e+00 7.58008e+00 1.02036e-01 2.56878e-01 1.62032e-05 4.93941e-02 3.86814e-01 3.19121e-02 3.17516e-01
2.6 2.51189e-02 2.81838e-02 2.66514e-02 4.51945e+00 1.88729e+00 6.40674e+00 1.48414e-01 1.44383e+01 7.75307e+00 4.79791e+00 6.66041e+00 1.05089e-01 2.84154e-01 4.62439e-05 6.47699e-02 3.66773e-01 3.46586e-02 3.43525e-01
2.8 5.00000e-04 1.00000e-03 7.50000e-04 2.00489e+01 1.97118e+01 3.97607e+01 1.54080e+00 4.84151e+01 8.51721e+00 2.01861e+01 4.61309e+01 1.42749e-01 1.39884e-03 1.64278e-03 2.64162e+00 5.57257e+00 2.30631e-01 3.06147e+00
2.8 1.00000e-03 1.50000e-03 1.25000e-03 2.64966e+01 1.25927e+01 3.90893e+01 1.21340e+00 5.05864e+01 1.12121e+01 2.67817e+01 4.23677e+01 1.61883e-01 3.56868e-03 3.13413e-03 7.14653e-01 2.55910e+00 1.38533e-01 1.41750e+00
2.8 1.50000e-03 2.00000e-03 1.75000e-03 2.88079e+01 6.50916e+00 3.53170e+01 1.01329e+00 4.75221e+01 1.20743e+01 2.89387e+01 3.95997e+01 1.65557e-01 6.53763e-03 2.99508e-03 2.98560e-01 2.18385e+00 1.30992e-01 1.06927e+00
2.8 2.00000e-03 2.50000e-03 2.25000e-03 2.93706e+01 9.12179e+00 3.84924e+01 1.21067e+00 5.10479e+01 1.24415e+01 2.94846e+01 3.72810e+01 1.65664e-01 1.01743e-02 7.73451e-04 1.53025e-01 1.20814e+00 8.23879e-02 1.23154e+00
2.8 2.50000e-03 3.00000e-03 2.75000e-03 2.91029e+01 6.00339e+00 3.51063e+01 8.73643e-01 4.77360e+01 1.25273e+01 2.92053e+01 3.52519e+01 1.63761e-01 1.43715e-02 1.15003e-03 1.05606e-01 1.87067e+00 1.44131e-01 8.95226e-01
2.8 3.00000e-03 3.50000e-03 3.25000e-03 2.84212e+01 5.87275e+00 3.42939e+01 9.18708e-01 4.68679e+01 1.24757e+01 2.85194e+01 3.34397e+01 1.61016e-01 1.90407e-02 9.37275e-04 1.17631e-01 1.31738e+00 8.39767e-02 9.40293e-01
2.8 3.50000e-03 4.00000e-03 3.75000e-03 2.75337e+01 1.09366e+00 2.86274e+01 7.73954e-01 4.10654e+01 1.23391e+01 2.76326e+01 3.18017e+01 1.57786e-01 2.41082e-02 6.08911e-04 1.14087e-01 8.54915e-01 7.28810e-02 7.98435e-01
2.8 4.00000e-03 4.50000e-03 4.25000e-03 2.65518e+01 -1.83265e+00 2.47191e+01 7.62143e-01 3.69808e+01 1.21606e+01 2.66528e+01 3.03089e+01 1.54417e-01 2.95122e-02 7.44882e-04 1.37753e-01 9.10508e-01 7.08513e-02 7.90287e-01
2.8 4.50000e-03 5.00000e-03 4.75000e-03 2.55368e+01 2.26985e+00 2.78066e+01 9.20262e-01 3.98683e+01 1.19588e+01 2.56397e+01 2.89402e+01 1.51033e-01 3.51999e-02 3.76576e-04 7.52471e-02 5.21047e-01 6.53298e-02 9.36266e-01
2.8 5.00000e-03 5.50000e-03 5.25000e-03 2.45236e+01 4.08969e+00 2.86133e+01 8.66775e-01 4.04667e+01 1.17466e+01 2.46304e+01 2.76790e+01 1.47719e-01 4.11265e-02 3.47894e-04 5.70722e-02 5.32244e-01 5.37139e-02 8.82081e-01
2.8 5.50000e-03 6.00000e-03 5.75000e-03 2.35320e+01 3.19650e+00 2.67285e+01 8.33348e-01 3.83643e+01 1.15258e+01 2.36419e+01 2.65120e+01 1.44453e-01 4.72532e-02 3.00077e-04 1.11410e-01 4.98571e-01 5.56397e-02 8.54389e-01
2.8 6.00000e-03 6.50000e-03 6.25000e-03 2.25728e+01 8.60932e-01 2.34338e+01 7.47401e-01 3.48538e+01 1.13071e+01 2.26858e+01 2.54285e+01 1.41326e-01 5.35467e-02 5.02238e-04 6.50491e-02 6.09477e-01 6.96954e-02 7.65298e-01
2.8 6.50000e-03 7.00000e-03 6.75000e-03 2.16519e+01 4.38601e-01 2.20905e+01 7.76727e-01 3.33006e+01 1.10932e+01 2.17688e+01 2.44192e+01 1.38347e-01 5.99780e-02 4.78569e-04 1.02463e-01 5.57440e-01 5.43461e-02 7.97835e-01
2.8 7.00000e-03 7.50000e-03 7.25000e-03 2.07715e+01 9.81383e-01 2.17529e+01 6.46503e-01 3.27557e+01 1.08828e+01 2.08915e+01 2.34766e+01 1.35486e-01 6.65217e-02 1.58868e-03 1.00032e-01 5.38264e-01 5.35962e-02 6.71384e-01
2.8 7.50000e-03 8.00000e-03 7.75000e-03 1.99325e+01 2.45434e+00 2.23868e+01 6.47227e-01 3.31914e+01 1.06811e+01 2.00559e+01 2.25939e+01 1.32789e-01 7.31557e-02 6.77975e-04 9.79663e-02 6.40210e-01 5.16050e-02 6.71926e-01
2.8 8.00000e-03 8.50000e-03 8.25000e-03 1.91341e+01 3.72941e+00 2.28635e+01 8.38026e-01 3.34761e+01 1.04857e+01 1.92611e+01 2.17657e+01 1.30217e-01 7.98606e-02 2.00106e-04 1.36423e-01 4.33157e-01 5.67934e-02 8.62689e-01
2.8 8.50000e-03 9.00000e-03 8.75000e-03 1.83752e+01 1.95917e+00 2.03344e+01 7.82880e-01 3.07637e+01 1.02979e+01 1.85066e+01 2.09868e+01 1.27778e-01 8.66193e-02 6.72001e-04 9.22496e-02 6.34920e-01 5.59769e-02 8.03270e-01
2.8 9.00000e-03 9.50000e-03 9.25000e-03 1.76541e+01 1.69049e+00 1.93446e+01 7.96371e-01 2.95874e+01 1.01167e+01 1.77802e+01 2.02530e+01 1.25454e-01 9.34167e-02 1.31954e-04 8.59675e-02 8.50938e-01 6.00578e-02 8.16126e-01
2.8 9.50000e-03 1.00000e-02 9.75000e-03 1.69689e+01 1.66413e+00 1.86331e+01 8.65452e-01 2.88056e+01 9.96607e+00 1.71754e+01 1.95604e+01 1.23523e-01 1.00240e-01 9.85735e-05 9.48753e-02 8.07060e-01 5.90513e-02 8.85051e-01
2.8 1.00000e-02 1.12202e-02 1.06101e-02 1.58689e+01 2.01632e+00 1.78852e+01 4.02034e-01 2.77261e+01 9.67698e+00 1.60328e+01 1.84559e+01 1.19911e-01 1.12002e-01 3.18985e-04 9.45503e-02 9.01854e-01 3.87996e-02 4.44404e-01
2.8 1.12202e-02 1.25892e-02 1.19047e-02 1.43822e+01 1.88188e+00 1.62641e+01 3.61479e-01 2.57129e+01 9.29711e+00 1.45339e+01 1.69732e+01 1.15241e-01 1.29674e-01 8.59603e-05 7.09239e-02 8.28448e-01 4.89817e-02 4.07177e-01
2.8 1.25892e-02 1.41254e-02 1.33573e-02 1.29229e+01 1.77288e+00 1.46958e+01 2.68435e-01 2.37889e+01 8.93266e+00 1.30834e+01 1.55240e+01 1.10866e-01 1.49312e-01 1.90743e-05 6.51868e-02 8.62241e-01 4.83057e-02 3.33004e-01
2.8 1.41254e-02 1.58489e-02 1.49871e-02 1.15056e+01 1.47814e+00 1.29837e+01 2.39172e-01 2.17402e+01 8.58628e+00 1.16757e+01 1.41176e+01 1.06825e-01 1.70943e-01 2.53342e-05 5.65704e-02 5.23771e-01 2.70702e-02 3.17862e-01
2.8 1.58489e-02 1.77828e-02 1.68159e-02 1.01433e+01 2.21168e+00 1.23550e+01 2.14771e-01 2.08045e+01 8.26765e+00 1.03251e+01 1.27625e+01 1.03253e-01 1.94549e-01 7.17605e-05 6.06624e-02 3.77861e-01 2.57440e-02 3.13555e-01
2.8 1.77828e-02 1.99526e-02 1.88677e-02 8.84756e+00 2.36030e+00 1.12079e+01 2.24497e-01 1.93917e+01 7.98792e+00 9.04349e+00 1.14667e+01 1.00314e-01 2.20055e-01 6.05291e-05 5.75289e-02 1.18866e-01 1.88101e-02 3.34956e-01
2.8 1.99526e-02 2.23872e-02 2.11699e-02 7.62852e+00 2.09183e+00 9.72035e+00 1.92120e-01 1.76977e+01 7.76371e+00 7.84213e+00 1.02369e+01 9.82589e-02 2.47321e-01 5.66129e-05 6.69492e-02 1.94939e-01 2.03548e-02 3.34985e-01
2.8 2.23872e-02 2.51189e-02 2.37530e-02 6.49494e+00 2.40562e+00 8.90057e+00 1.62128e-01 1.67576e+01 7.62027e+00 6.73174e+00 9.07894e+00 9.74828e-02 2.76138e-01 1.94072e-05 5.91611e-02 3.66864e-01 2.68045e-02 3.39913e-01
2.8 2.51189e-02 2.81838e-02 2.66514e-02 5.45413e+00 1.98273e+00 7.43686e+00 1.60035e-01 1.52965e+01 7.59427e+00 5.71948e+00 7.99719e+00 9.85772e-02 3.06216e-01 5.55253e-05 7.77695e-02 3.34162e-01 2.84313e-02 3.67621e-01
3.0 5.00000e-04 1.00000e-03 7.50000e-04 2.53113e+01 3.10316e+01 5.63429e+01 2.27729e+00 6.48616e+01 8.35722e+00 2.54728e+01 5.56296e+01 1.39968e-01 1.52240e-03 1.98104e-03 3.18555e+00 5.93167e+00 2.29712e-01 3.91834e+00
3.0 1.00000e-03 1.50000e-03 1.25000e-03 3.28894e+01 1.36100e+01 4.64993e+01 1.67122e+00 5.75189e+01 1.07106e+01 3.31983e+01 5.09258e+01 1.56779e-01 3.87131e-03 3.76722e-03 8.59012e-01 3.44735e+00 1.93830e-01 1.88560e+00
3.0 1.50000e-03 2.00000e-03 1.75000e-03 3.55060e+01 8.18453e+00 4.36906e+01 1.81879e+00 5.53352e+01 1.15230e+01 3.56276e+01 4.74738e+01 1.59564e-01 7.07343e-03 3.59063e-03 3.57926e-01 2.31484e+00 1.69725e-01 1.86054e+00
3.0 2.00000e-03 2.50000e-03 2.25000e-03 3.60456e+01 1.27427e+01 4.87884e+01 1.46555e+00 6.07538e+01 1.18643e+01 3.61468e+01 4.46036e+01 1.59339e-01 1.09859e-02 9.25368e-04 1.83082e-01 1.72708e+00 1.67097e-01 1.48555e+00
3.0 2.50000e-03 3.00000e-03 2.75000e-03 3.56102e+01 6.82181e+00 4.24320e+01 1.29606e+00 5.44761e+01 1.19573e+01 3.56970e+01 4.21096e+01 1.57430e-01 1.54934e-02 1.37375e-03 1.26150e-01 2.17113e+00 1.41629e-01 1.31176e+00
3.0 3.00000e-03 3.50000e-03 3.25000e-03 3.46963e+01 4.62729e+00 3.93236e+01 1.39545e+00 5.13241e+01 1.19194e+01 3.47774e+01 3.98954e+01 1.54773e-01 2.05017e-02 1.11822e-03 1.40340e-01 1.51095e+00 9.52088e-02 1.41115e+00
3.0 3.50000e-03 4.00000e-03 3.75000e-03 3.35508e+01 4.86071e-01 3.40369e+01 1.05155e+00 4.59327e+01 1.18142e+01 3.36324e+01 3.79039e+01 1.51839e-01 2.59326e-02 7.25750e-04 1.35978e-01 1.10394e+00 8.17701e-02 1.07144e+00
3.0 4.00000e-03 4.50000e-03 4.25000e-03 3.23043e+01 1.70303e-01 3.24746e+01 1.08638e+00 4.42192e+01 1.16610e+01 3.23879e+01 3.60964e+01 1.48709e-01 3.17207e-02 8.87117e-04 1.64056e-01 9.31782e-01 7.84785e-02 1.10917e+00
3.0 4.50000e-03 5.00000e-03 4.75000e-03 3.10282e+01 1.31623e+00 3.23444e+01 1.20586e+00 4.39112e+01 1.14815e+01 3.11135e+01 3.44449e+01 1.45533e-01 3.78104e-02 4.48203e-04 8.95597e-02 6.02325e-01 7.29504e-02 1.21850e+00
3.0 5.00000e-03 5.50000e-03 5.25000e-03 2.97627e+01 4.73382e+00 3.44965e+01 1.08439e+00 4.58801e+01 1.12941e+01 2.98521e+01 3.29274e+01 1.42459e-01 4.41547e-02 4.13862e-04 6.78942e-02 5.96843e-01 7.58882e-02 1.09671e+00
3.0 5.50000e-03 6.00000e-03 5.75000e-03 2.85299e+01 4.29219e+00 3.28221e+01 1.28960e+00 4.40139e+01 1.10992e+01 2.86225e+01 3.15269e+01 1.39450e-01 5.07128e-02 3.56839e-04 1.32484e-01 6.96945e-01 6.76768e-02 1.30486e+00
3.0 6.00000e-03 6.50000e-03 6.25000e-03 2.73418e+01 1.81491e+00 2.91567e+01 9.96380e-01 4.01561e+01 1.09037e+01 2.74375e+01 3.02293e+01 1.36553e-01 5.74497e-02 5.97059e-04 7.73302e-02 8.33534e-01 6.92769e-02 1.01030e+00
3.0 6.50000e-03 7.00000e-03 6.75000e-03 2.62042e+01 1.32582e-01 2.63368e+01 9.28152e-01 3.71497e+01 1.07128e+01 2.63043e+01 2.90228e+01 1.33804e-01 6.43350e-02 5.68791e-04 1.21780e-01 6.00272e-01 7.72331e-02 9.47808e-01
3.0 7.00000e-03 7.50000e-03 7.25000e-03 2.51196e+01 7.23863e-01 2.58435e+01 1.03187e+00 3.64699e+01 1.05234e+01 2.52226e+01 2.78979e+01 1.31153e-01 7.13422e-02 1.88787e-03 1.18871e-01 7.01753e-01 5.78697e-02 1.04937e+00
3.0 7.50000e-03 8.00000e-03 7.75000e-03 2.40880e+01 2.60445e+00 2.66924e+01 8.54062e-01 3.71403e+01 1.03412e+01 2.41946e+01 2.68460e+01 1.28649e-01 7.84482e-02 8.05566e-04 1.16403e-01 6.04804e-01 5.43265e-02 8.75030e-01
3.0 8.00000e-03 8.50000e-03 8.25000e-03 2.31081e+01 2.15531e+00 2.52634e+01 1.03661e+00 3.55391e+01 1.01654e+01 2.32184e+01 2.58601e+01 1.26273e-01 8.56324e-02 2.37749e-04 1.62086e-01 5.94045e-01 6.72613e-02 1.06024e+00
3.0 8.50000e-03 9.00000e-03 8.75000e-03 2.21781e+01 3.40040e+00 2.55785e+01 1.29515e+00 3.56890e+01 9.99566e+00 2.22929e+01 2.49340e+01 1.24016e-01 9.28771e-02 7.98392e-04 1.09600e-01 6.72852e-01 5.19192e-02 1.30898e+00
3.0 9.00000e-03 9.50000e-03 9.25000e-03 2.12957e+01 2.33663e+00 2.36323e+01 1.00581e+00 3.35744e+01 9.83213e+00 2.14056e+01 2.40624e+01 1.21863e-01 1.00166e-01 1.56773e-04 1.02137e-01 1.03194e+00 7.67979e-02 1.02321e+00
3.0 9.50000e-03 1.00000e-02 9.75000e-03 2.04583e+01 -2.60987e-01 2.01973e+01 6.90427e-01 3.00889e+01 9.69210e+00 2.06577e+01 2.32404e+01 1.20054e-01 1.07486e-01 1.17119e-04 1.12725e-01 7.90374e-01 5.84838e-02 7.17887e-01
3.0 1.00000e-02 1.12202e-02 1.06101e-02 1.91160e+01 2.51093e+00 2.16269e+01 5.04029e-01 3.12066e+01 9.42988e+00 1.92658e+01 2.19309e+01 1.16693e-01 1.20114e-01 3.79047e-04 1.12353e-01 9.75558e-01 4.27335e-02 5.42875e-01
3.0 1.12202e-02 1.25892e-02 1.19047e-02 1.73055e+01 2.18020e+00 1.94857e+01 5.17265e-01 2.87016e+01 9.08167e+00 1.74397e+01 2.01753e+01 1.12324e-01 1.39110e-01 1.02178e-04 8.43045e-02 8.67602e-01 4.71980e-02 5.53749e-01
3.0 1.25892e-02 1.41254e-02 1.33573e-02 1.55325e+01 2.76582e+00 1.82983e+01 3.52482e-01 2.71848e+01 8.74419e+00 1.56748e+01 1.84616e+01 1.08197e-01 1.60253e-01 2.26837e-05 7.75221e-02 8.75759e-01 3.59698e-02 4.09439e-01
3.0 1.41254e-02 1.58489e-02 1.49871e-02 1.38141e+01 2.54046e+00 1.63545e+01 3.23196e-01 2.49261e+01 8.42037e+00 1.39653e+01 1.68001e+01 1.04349e-01 1.83590e-01 3.01480e-05 6.73194e-02 5.40829e-01 3.01245e-02 3.91895e-01
3.0 1.58489e-02 1.77828e-02 1.68159e-02 1.21656e+01 2.84759e+00 1.50132e+01 3.00439e-01 2.32944e+01 8.11893e+00 1.23279e+01 1.52004e+01 1.00903e-01 2.09119e-01 8.54681e-05 7.22501e-02 4.12146e-01 2.68900e-02 3.86518e-01
3.0 1.77828e-02 1.99526e-02 1.88677e-02 1.06007e+01 2.23216e+00 1.28328e+01 2.47348e-01 2.08593e+01 7.85039e+00 1.07768e+01 1.36714e+01 9.80106e-02 2.36783e-01 7.21667e-05 6.85897e-02 1.71888e-01 2.16801e-02 3.62709e-01
3.0 1.99526e-02 2.23872e-02 2.11699e-02 9.13101e+00 2.85566e+00 1.19867e+01 2.55134e-01 1.98087e+01 7.62835e+00 9.32473e+00 1.22205e+01 9.58838e-02 2.66457e-01 6.75823e-05 7.99215e-02 1.85809e-01 2.14682e-02 3.89453e-01
3.0 2.23872e-02 2.51189e-02 2.37530e-02 7.76674e+00 2.60516e+00 1.03719e+01 2.32061e-01 1.80612e+01 7.47322e+00 7.98282e+00 1.08541e+01 9.48493e-02 2.97943e-01 2.32018e-05 7.07287e-02 4.06718e-01 2.69073e-02 3.95754e-01
3.0 2.51189e-02 2.81838e-02 2.66514e-02 6.51617e+00 3.15459e+00 9.67076e+00 1.73342e-01 1.73385e+01 7.42182e+00 6.76207e+00 9.57719e+00 9.55065e-02 3.30961e-01 6.64954e-05 9.31344e-02 3.05882e-01 2.69094e-02 3.96709e-01
3.0 2.81838e-02 3.16228e-02 2.99033e-02 5.38575e+00 2.99236e+00 8.37811e+00 1.79631e-01 1.61919e+01 7.53696e+00 5.66259e+00 8.39322e+00 9.89170e-02 3.65146e-01 0.00000e+00 1.11489e-01 1.15779e-01 2.46924e-02 4.33375e-01
3.2 5.00000e-04 1.00000e-03 7.50000e-04 3.15069e+01 2.53901e+01 5.68969e+01 2.21916e+00 6.58227e+01 8.60932e+00 3.18234e+01 6.70204e+01 1.36283e-01 1.66361e-03 2.38668e-03 3.83783e+00 4.47987e+00 2.92670e-01 4.43533e+00
3.2 1.00000e-03 1.50000e-03 1.25000e-03 4.03417e+01 1.80441e+01 5.83857e+01 1.96223e+00 6.91123e+01 1.03628e+01 4.07055e+01 6.13394e+01 1.53522e-01 4.22942e-03 4.53755e-03 1.03467e+00 3.44232e+00 2.11353e-01 2.22362e+00
3.2 1.50000e-03 2.00000e-03 1.75000e-03 4.32768e+01 1.00646e+01 5.33413e+01 1.86252e+00 6.46827e+01 1.11892e+01 4.34290e+01 5.70950e+01 1.55653e-01 7.71606e-03 4.31832e-03 4.30465e-01 2.45134e+00 1.83340e-01 1.91796e+00
3.2 2.00000e-03 2.50000e-03 2.25000e-03 4.37651e+01 1.02781e+01 5.40433e+01 2.29191e+00 6.56816e+01 1.15143e+01 4.38891e+01 5.35601e+01 1.55432e-01 1.19654e-02 1.11119e-03 2.19845e-01 1.40493e+00 1.73101e-01 2.30770e+00
3.2 2.50000e-03 3.00000e-03 2.75000e-03 4.31182e+01 6.92157e+00 5.00397e+01 2.27230e+00 6.17610e+01 1.16142e+01 4.32252e+01 5.04965e+01 1.53615e-01 1.68519e-02 1.64736e-03 1.51275e-01 2.13185e+00 1.67970e-01 2.28257e+00
3.2 3.00000e-03 3.50000e-03 3.25000e-03 4.19231e+01 7.26975e+00 4.91928e+01 1.94064e+00 6.08920e+01 1.15993e+01 4.20229e+01 4.77863e+01 1.51237e-01 2.22736e-02 1.33939e-03 1.68097e-01 1.57220e+00 1.59372e-01 1.95389e+00
3.2 3.50000e-03 4.00000e-03 3.75000e-03 4.04698e+01 3.30964e-01 4.08008e+01 2.05330e+00 5.24162e+01 1.15150e+01 4.05703e+01 4.53573e+01 1.48546e-01 2.81470e-02 8.68462e-04 1.62717e-01 1.10298e+00 1.26326e-01 2.06528e+00
3.2 4.00000e-03 4.50000e-03 4.25000e-03 3.89104e+01 1.22697e+00 4.01374e+01 1.72594e+00 5.16302e+01 1.13904e+01 3.90129e+01 4.31603e+01 1.45740e-01 3.44020e-02 1.06072e-03 1.96161e-01 1.04695e+00 1.03720e-01 1.74349e+00
3.2 4.50000e-03 5.00000e-03 4.75000e-03 3.73274e+01 1.96834e+00 3.92957e+01 1.84594e+00 5.06433e+01 1.12432e+01 3.74317e+01 4.11588e+01 1.42927e-01 4.09799e-02 5.35566e-04 1.07016e-01 6.97331e-01 8.78036e-02 1.85501e+00
3.2 5.00000e-03 5.50000e-03 5.25000e-03 3.57663e+01 3.52733e+00 3.92936e+01 1.85055e+00 5.04876e+01 1.10847e+01 3.58756e+01 3.93248e+01 1.40174e-01 4.78307e-02 4.94270e-04 8.10851e-02 5.32105e-01 7.69156e-02 1.85823e+00
3.2 5.50000e-03 6.00000e-03 5.75000e-03 3.42519e+01 3.18409e+00 3.74360e+01 1.81531e+00 4.84664e+01 1.09176e+01 3.43647e+01 3.76363e+01 1.37473e-01 5.49115e-02 4.25987e-04 1.58157e-01 6.70864e-01 8.90658e-02 1.82819e+00
3.2 6.00000e-03 6.50000e-03 6.25000e-03 3.27972e+01 1.62169e+00 3.44189e+01 1.60253e+00 4.52863e+01 1.07512e+01 3.29135e+01 3.60751e+01 1.34895e-01 6.21854e-02 7.12520e-04 9.22844e-02 6.69132e-01 8.14833e-02 1.61205e+00
3.2 6.50000e-03 7.00000e-03 6.75000e-03 3.14081e+01 2.39927e+00 3.38074e+01 1.73772e+00 4.45154e+01 1.05869e+01 3.15293e+01 3.46264e+01 1.32437e-01 6.96204e-02 6.78611e-04 1.45292e-01 6.49755e-01 6.87039e-02 1.75019e+00
3.2 7.00000e-03 7.50000e-03 7.25000e-03 3.00865e+01 1.63441e+00 3.17209e+01 1.27517e+00 4.22682e+01 1.04230e+01 3.02109e+01 3.32779e+01 1.30063e-01 7.71886e-02 2.25194e-03 1.41795e-01 7.12979e-01 6.93461e-02 1.29191e+00
3.2 7.50000e-03 8.00000e-03 7.75000e-03 2.88318e+01 5.59516e+00 3.44270e+01 1.42033e+00 4.48212e+01 1.02658e+01 2.89602e+01 3.20190e+01 1.27830e-01 8.48656e-02 9.60791e-04 1.38833e-01 7.10045e-01 7.24162e-02 1.43533e+00
3.2 8.00000e-03 8.50000e-03 8.25000e-03 2.76420e+01 5.61364e+00 3.32557e+01 1.23650e+00 4.35006e+01 1.01124e+01 2.77746e+01 3.08406e+01 1.25695e-01 9.26301e-02 2.83538e-04 1.93303e-01 5.52823e-01 7.55035e-02 1.26122e+00
3.2 8.50000e-03 9.00000e-03 8.75000e-03 2.65144e+01 3.17540e+00 2.96898e+01 1.41348e+00 3.97917e+01 9.96426e+00 2.66521e+01 2.97351e+01 1.23669e-01 1.00463e-01 9.52124e-04 1.30704e-01 7.37333e-01 7.05099e-02 1.42843e+00
3.2 9.00000e-03 9.50000e-03 9.25000e-03 2.54459e+01 2.36302e+00 2.78089e+01 1.49623e+00 3.77609e+01 9.82141e+00 2.55765e+01 2.86958e+01 1.21737e-01 1.08348e-01 1.86961e-04 1.21805e-01 1.09272e+00 8.53940e-02 1.51000e+00
3.2 9.50000e-03 1.00000e-02 9.75000e-03 2.44331e+01 2.15876e+00 2.65919e+01 1.33741e+00 3.65329e+01 9.69964e+00 2.46746e+01 2.77166e+01 1.20119e-01 1.16271e-01 1.39677e-04 1.34436e-01 8.42907e-01 6.69211e-02 1.35450e+00
3.2 1.00000e-02 1.12202e-02 1.06101e-02 2.28118e+01 3.57658e+00 2.63884e+01 6.34836e-01 3.60358e+01 9.46973e+00 2.29895e+01 2.61586e+01 1.17098e-01 1.29949e-01 4.52117e-04 1.34012e-01 1.00399e+00 5.90123e-02 6.71993e-01
3.2 1.12202e-02 1.25892e-02 1.19047e-02 2.06293e+01 3.18851e+00 2.38178e+01 6.64948e-01 3.31397e+01 9.16490e+00 2.07863e+01 2.40731e+01 1.13179e-01 1.50554e-01 1.21918e-04 1.00592e-01 9.73828e-01 5.26864e-02 6.98391e-01
3.2 1.25892e-02 1.41254e-02 1.33573e-02 1.84964e+01 2.62784e+00 2.11243e+01 4.33808e-01 3.01587e+01 8.86980e+00 1.86610e+01 2.20405e+01 1.09481e-01 1.73532e-01 2.70811e-05 9.25502e-02 9.11318e-01 3.69863e-02 4.88728e-01
3.2 1.41254e-02 1.58489e-02 1.49871e-02 1.64333e+01 1.98579e+00 1.84191e+01 4.58610e-01 2.71786e+01 8.58693e+00 1.66058e+01 2.00724e+01 1.06034e-01 1.98957e-01 3.60203e-05 8.04321e-02 5.82425e-01 3.76889e-02 5.17319e-01
3.2 1.58489e-02 1.77828e-02 1.68159e-02 1.44578e+01 3.86082e+00 1.83186e+01 4.31713e-01 2.68250e+01 8.32415e+00 1.46400e+01 1.81795e+01 1.02944e-01 2.26852e-01 1.02219e-04 8.64103e-02 3.41083e-01 2.08097e-02 5.05868e-01
3.2 1.77828e-02 1.99526e-02 1.88677e-02 1.25857e+01 3.97764e+00 1.65633e+01 3.16728e-01 2.48470e+01 8.08977e+00 1.27796e+01 1.63714e+01 1.00330e-01 2.57185e-01 8.64195e-05 8.21360e-02 1.85865e-01 2.29421e-02 4.28104e-01
3.2 1.99526e-02 2.23872e-02 2.11699e-02 1.08305e+01 3.70960e+00 1.45401e+01 2.96121e-01 2.26429e+01 7.89440e+00 1.10389e+01 1.46564e+01 9.83562e-02 2.89859e-01 8.10535e-05 9.58522e-02 1.76028e-01 1.96638e-02 4.36541e-01
3.2 2.23872e-02 2.51189e-02 2.37530e-02 9.20386e+00 3.77042e+00 1.29743e+01 2.75460e-01 2.09532e+01 7.75235e+00 9.43043e+00 1.30413e+01 9.72562e-02 3.24698e-01 2.78771e-05 8.49809e-02 3.72334e-01 2.15093e-02 4.44958e-01
3.2 2.51189e-02 2.81838e-02 2.66514e-02 7.71509e+00 2.91641e+00 1.06315e+01 2.37076e-01 1.85666e+01 7.68546e+00 7.96471e+00 1.15314e+01 9.74013e-02 3.61444e-01 8.00636e-05 1.12138e-01 3.23950e-01 2.92907e-02 4.57066e-01
3.2 2.81838e-02 3.16228e-02 2.99033e-02 6.37135e+00 3.35153e+00 9.72288e+00 2.46934e-01 1.77391e+01 7.73377e+00 6.65385e+00 1.01304e+01 9.94740e-02 3.99749e-01 0.00000e+00 1.34565e-01 1.13771e-01 2.75663e-02 4.98777e-01
3.4 5.00000e-04 1.00000e-03 7.50000e-04 3.87367e+01 3.69375e+01 7.56743e+01 3.59907e+00 8.64253e+01 1.03988e+01 3.90889e+01 8.05908e+01 1.59612e-01 1.82273e-03 2.86994e-03 4.61492e+00 5.49181e+00 3.59525e-01 5.85460e+00
3.4 1.00000e-03 1.50000e-03 1.25000e-03 4.89611e+01 1.28964e+01 6.18575e+01 3.14192e+00 7.46451e+01 1.23389e+01 4.94098e+01 7.41019e+01 1.77641e-01 4.65548e-03 5.48166e-03 1.24994e+00 3.80772e+00 2.26244e-01 3.38609e+00
3.4 1.50000e-03 2.00000e-03 1.75000e-03 5.22248e+01 1.31604e+01 6.53852e+01 3.19814e+00 7.87708e+01 1.31813e+01 5.24291e+01 6.89800e+01 1.79665e-01 8.49403e-03 5.21723e-03 5.20071e-01 2.43476e+00 1.92428e-01 3.24514e+00
3.4 2.00000e-03 2.50000e-03 2.25000e-03 5.26282e+01 1.92701e+01 7.18983e+01 3.74832e+00 8.55741e+01 1.34998e+01 5.28042e+01 6.46469e+01 1.79088e-01 1.31591e-02 1.34120e-03 2.65352e-01 1.84528e+00 2.08055e-01 3.76199e+00
3.4 2.50000e-03 3.00000e-03 2.75000e-03 5.17197e+01 1.29062e+01 6.46258e+01 3.28772e+00 7.83871e+01 1.36072e+01 5.18738e+01 6.08775e+01 1.77161e-01 1.85113e-02 1.98602e-03 1.82374e-01 2.29176e+00 1.67847e-01 3.29759e+00
3.4 3.00000e-03 3.50000e-03 3.25000e-03 5.01882e+01 -2.81322e+00 4.73750e+01 2.53772e+00 6.11120e+01 1.35930e+01 5.03323e+01 5.75448e+01 1.74631e-01 2.44392e-02 1.61291e-03 2.02425e-01 1.38505e+00 1.47626e-01 2.55188e+00
3.4 3.50000e-03 4.00000e-03 3.75000e-03 4.83716e+01 3.31499e+00 5.16866e+01 2.82246e+00 6.53307e+01 1.35013e+01 4.85144e+01 5.45647e+01 1.71734e-01 3.08524e-02 1.04476e-03 1.95748e-01 1.37129e+00 1.57238e-01 2.83461e+00
3.4 4.00000e-03 4.50000e-03 4.25000e-03 4.64456e+01 -1.43897e+00 4.50066e+01 2.26991e+00 5.85200e+01 1.33695e+01 4.65895e+01 5.18767e+01 1.68745e-01 3.76760e-02 1.27494e-03 2.35777e-01 1.06588e+00 1.15496e-01 2.28866e+00
3.4 4.50000e-03 5.00000e-03 4.75000e-03 4.45048e+01 4.41554e+00 4.89204e+01 3.19855e+00 6.22736e+01 1.32088e+01 4.46493e+01 4.94351e+01 1.65693e-01 4.48474e-02 6.43259e-04 1.28535e-01 6.99335e-01 1.08384e-01 3.20573e+00
3.4 5.00000e-03 5.50000e-03 5.25000e-03 4.26005e+01 1.80384e+00 4.44043e+01 2.85337e+00 5.75924e+01 1.30406e+01 4.27480e+01 4.72042e+01 1.62755e-01 5.23135e-02 5.93305e-04 9.73319e-02 6.65763e-01 9.51116e-02 2.86014e+00
3.4 5.50000e-03 6.00000e-03 5.75000e-03 4.07601e+01 4.61057e+00 4.53706e+01 2.65249e+00 5.83828e+01 1.28624e+01 4.09099e+01 4.51558e+01 1.59862e-01 6.00294e-02 5.11097e-04 1.89756e-01 7.42895e-01 9.41992e-02 2.66475e+00
3.4 6.00000e-03 6.50000e-03 6.25000e-03 3.89973e+01 3.77951e+00 4.27768e+01 1.91233e+00 5.56087e+01 1.26799e+01 3.91494e+01 4.32666e+01 1.57044e-01 6.79560e-02 8.54561e-04 1.10681e-01 8.21308e-01 9.54148e-02 1.92316e+00
3.4 6.50000e-03 7.00000e-03 6.75000e-03 3.73181e+01 -7.96497e-01 3.65216e+01 2.64029e+00 4.91788e+01 1.25014e+01 3.74739e+01 4.15178e+01 1.54374e-01 7.60599e-02 8.13667e-04 1.74208e-01 8.43561e-01 1.00636e-01 2.65162e+00
3.4 7.00000e-03 7.50000e-03 7.25000e-03 3.57237e+01 -1.24553e+00 3.44782e+01 1.95840e+00 4.69580e+01 1.23218e+01 3.58817e+01 3.98932e+01 1.51777e-01 8.43120e-02 2.69960e-03 1.69982e-01 7.24815e-01 9.48227e-02 1.97342e+00
3.4 7.50000e-03 8.00000e-03 7.75000e-03 3.42126e+01 3.98013e+00 3.81927e+01 2.04846e+00 5.05036e+01 1.21501e+01 3.43734e+01 3.83795e+01 1.49339e-01 9.26868e-02 1.15165e-03 1.66412e-01 7.18122e-01 8.76419e-02 2.06271e+00
3.4 8.00000e-03 8.50000e-03 8.25000e-03 3.27818e+01 4.39025e+00 3.71721e+01 1.89388e+00 4.93193e+01 1.19834e+01 3.29457e+01 3.69653e+01 1.47018e-01 1.01162e-01 3.39846e-04 2.31691e-01 8.84435e-01 8.62146e-02 1.91633e+00
3.4 8.50000e-03 9.00000e-03 8.75000e-03 3.14276e+01 1.46543e+00 3.28930e+01 1.78209e+00 4.48828e+01 1.18213e+01 3.15961e+01 3.56407e+01 1.44802e-01 1.09718e-01 1.14122e-03 1.56662e-01 7.46389e-01 7.42694e-02 1.79817e+00
3.4 9.00000e-03 9.50000e-03 9.25000e-03 3.01459e+01 2.48974e+00 3.26356e+01 1.79698e+00 4.44588e+01 1.16654e+01 3.03036e+01 3.43971e+01 1.42692e-01 1.18337e-01 2.24107e-04 1.46005e-01 1.13900e+00 1.02919e-01 1.81240e+00
3.4 9.50000e-03 1.00000e-02 9.75000e-03 2.89323e+01 4.67409e-01 2.93997e+01 1.76833e+00 4.12201e+01 1.15306e+01 2.92221e+01 3.32272e+01 1.40905e-01 1.27004e-01 1.67447e-04 1.61165e-01 9.50310e-01 8.22732e-02 1.78576e+00
3.4 1.00000e-02 1.12202e-02 1.06101e-02 2.69922e+01 4.26216e+00 3.12543e+01 9.31103e-01 4.27417e+01 1.12773e+01 2.72022e+01 3.13686e+01 1.37575e-01 1.41987e-01 5.42165e-04 1.60703e-01 9.44989e-01 6.53152e-02 9.65332e-01
3.4 1.12202e-02 1.25892e-02 1.19047e-02 2.43851e+01 2.72295e+00 2.71080e+01 9.75350e-01 3.82289e+01 1.09395e+01 2.45664e+01 2.88862e+01 1.33225e-01 1.64605e-01 1.46294e-04 1.20704e-01 9.63792e-01 4.75784e-02 1.00535e+00
3.4 1.25892e-02 1.41254e-02 1.33573e-02 2.18422e+01 4.42730e+00 2.62695e+01 7.02143e-01 3.70672e+01 1.06113e+01 2.20285e+01 2.64723e+01 1.29098e-01 1.89908e-01 3.25265e-05 1.11160e-01 8.98169e-01 5.18223e-02 7.47056e-01
3.4 1.41254e-02 1.58489e-02 1.49871e-02 1.93869e+01 5.32306e+00 2.47100e+01 6.42004e-01 3.51985e+01 1.02969e+01 1.95786e+01 2.41394e+01 1.25239e-01 2.18011e-01 4.33185e-05 9.67287e-02 5.48075e-01 2.82078e-02 6.96232e-01
3.4 1.58489e-02 1.77828e-02 1.68159e-02 1.70401e+01 3.87285e+00 2.09129e+01 5.87790e-01 3.11159e+01 1.00046e+01 1.72385e+01 2.18989e+01 1.21759e-01 2.48986e-01 1.23132e-04 1.04089e-01 3.30295e-01 2.84005e-02 6.58142e-01
3.4 1.77828e-02 1.99526e-02 1.88677e-02 1.48197e+01 4.65872e+00 1.94785e+01 5.07618e-01 2.94287e+01 9.74310e+00 1.50268e+01 1.97610e+01 1.18779e-01 2.82854e-01 1.04312e-04 9.91417e-02 1.57656e-01 2.48006e-02 6.01348e-01
3.4 1.99526e-02 2.23872e-02 2.11699e-02 1.27414e+01 4.52775e+00 1.72692e+01 4.79511e-01 2.70084e+01 9.52153e+00 1.29592e+01 1.77343e+01 1.16438e-01 3.19572e-01 9.80754e-05 1.15982e-01 2.25421e-01 2.42026e-02 5.99222e-01
3.4 2.23872e-02 2.51189e-02 2.37530e-02 1.08182e+01 4.65523e+00 1.54734e+01 4.53446e-01 2.50567e+01 9.35175e+00 1.10497e+01 1.58259e+01 1.14933e-01 3.59023e-01 3.38296e-05 1.03127e-01 4.27555e-01 2.94533e-02 5.98628e-01
3.4 2.51189e-02 2.81838e-02 2.66514e-02 9.06058e+00 4.98565e+00 1.40462e+01 3.63323e-01 2.35484e+01 9.25257e+00 9.31023e+00 1.40410e+01 1.14581e-01 4.01007e-01 9.74882e-05 1.36544e-01 3.21967e-01 3.52757e-02 5.69722e-01
3.4 2.81838e-02 3.16228e-02 2.99033e-02 7.47641e+00 4.77560e+00 1.22520e+01 3.68690e-01 2.17864e+01 9.26091e+00 7.74985e+00 1.23832e+01 1.15984e-01 4.45232e-01 0.00000e+00 1.64489e-01 1.52544e-01 2.58986e-02 6.12105e-01
3.6 5.00000e-04 1.00000e-03 7.50000e-04 4.71073e+01 3.35883e+01 8.06956e+01 6.42659e+00 9.56874e+01 1.46676e+01 4.74314e+01 9.66582e+01 2.10426e-01 2.00016e-03 3.44212e-03 5.53500e+00 4.14717e+00 4.84640e-01 8.48419e+00
3.6 1.00000e-03 1.50000e-03 1.25000e-03 5.88603e+01 4.16555e+01 1.00516e+02 5.43480e+00 1.18215e+02 1.74098e+01 5.91493e+01 8.98416e+01 2.35585e-01 5.16419e-03 6.64600e-03 1.51544e+00 4.13400e+00 2.74319e-01 5.64705e+00
3.6 1.50000e-03 2.00000e-03 1.75000e-03 6.24592e+01 1.09675e+01 7.34267e+01 5.03467e+00 9.16745e+01 1.82744e+01 6.24325e+01 8.38003e+01 2.37668e-01 9.44118e-03 6.33815e-03 6.31808e-01 2.25598e+00 2.31183e-01 5.07973e+00
3.6 2.00000e-03 2.50000e-03 2.25000e-03 6.27380e+01 1.42305e+01 7.69685e+01 4.10489e+00 9.55665e+01 1.86833e+01 6.26527e+01 7.85110e+01 2.37850e-01 1.46218e-02 1.62883e-03 3.22260e-01 1.81920e+00 2.14313e-01 4.12442e+00
3.6 2.50000e-03 3.00000e-03 2.75000e-03 6.15111e+01 9.15133e+00 7.06625e+01 4.29003e+00 8.92461e+01 1.86837e+01 6.14110e+01 7.38583e+01 2.34532e-01 2.05480e-02 2.40950e-03 2.21261e-01 1.84732e+00 1.65022e-01 4.30218e+00
3.6 3.00000e-03 3.50000e-03 3.25000e-03 5.95814e+01 2.04886e+01 8.00701e+01 4.17722e+00 9.85503e+01 1.85829e+01 5.94788e+01 6.97338e+01 2.30899e-01 2.70966e-02 1.95455e-03 2.45302e-01 1.69985e+00 1.69336e-01 4.19087e+00
3.6 3.50000e-03 4.00000e-03 3.75000e-03 5.73398e+01 2.99296e+00 6.03327e+01 4.48331e+00 7.86448e+01 1.84047e+01 5.72471e+01 6.60488e+01 2.26915e-01 3.41690e-02 1.26464e-03 2.36947e-01 1.09688e+00 1.57717e-01 4.49543e+00
3.6 4.00000e-03 4.50000e-03 4.25000e-03 5.49880e+01 -5.02779e+00 4.99602e+01 4.70704e+00 6.80337e+01 1.81602e+01 5.49013e+01 6.27329e+01 2.22568e-01 4.16848e-02 1.54174e-03 2.85118e-01 1.18843e+00 1.60928e-01 4.72110e+00
3.6 4.50000e-03 5.00000e-03 4.75000e-03 5.26333e+01 3.62093e-01 5.29954e+01 3.47014e+00 7.08302e+01 1.79126e+01 5.25555e+01 5.97302e+01 2.18480e-01 4.95776e-02 7.77220e-04 1.55304e-01 6.90109e-01 1.25291e-01 3.48083e+00
3.6 5.00000e-03 5.50000e-03 5.25000e-03 5.03333e+01 1.17250e+01 6.20584e+01 4.33621e+00 7.96386e+01 1.76407e+01 5.02728e+01 5.69955e+01 2.14331e-01 5.77914e-02 7.16371e-04 1.17521e-01 7.07195e-01 1.32857e-01 4.34347e+00
3.6 5.50000e-03 6.00000e-03 5.75000e-03 4.81181e+01 4.07968e+00 5.21977e+01 4.29317e+00 6.95018e+01 1.73543e+01 4.80678e+01 5.44926e+01 2.10184e-01 6.62792e-02 6.16776e-04 2.28992e-01 4.92413e-01 1.26835e-01 4.30492e+00
3.6 6.00000e-03 6.50000e-03 6.25000e-03 4.60019e+01 5.33535e+00 5.13373e+01 3.74099e+00 6.83909e+01 1.70923e+01 4.59632e+01 5.21915e+01 2.06452e-01 7.50004e-02 1.03083e-03 1.33512e-01 8.48247e-01 1.13772e-01 3.74981e+00
3.6 6.50000e-03 7.00000e-03 6.75000e-03 4.39905e+01 2.35802e+00 4.63485e+01 4.66254e+00 6.31559e+01 1.68347e+01 4.39632e+01 5.00675e+01 2.02878e-01 8.39204e-02 9.81226e-04 2.10083e-01 6.71284e-01 1.24676e-01 4.67243e+00
3.6 7.00000e-03 7.50000e-03 7.25000e-03 4.20841e+01 6.15144e-01 4.26993e+01 3.59355e+00 5.92537e+01 1.65708e+01 4.20677e+01 4.81000e+01 1.99319e-01 9.30091e-02 3.25496e-03 2.04951e-01 8.11953e-01 1.41923e-01 3.60610e+00
3.6 7.50000e-03 8.00000e-03 7.75000e-03 4.02802e+01 5.66049e+00 4.59407e+01 3.22716e+00 6.22525e+01 1.63188e+01 4.02732e+01 4.62715e+01 1.95965e-01 1.02240e-01 1.38847e-03 2.00631e-01 8.40279e-01 1.17788e-01 3.24094e+00
3.6 8.00000e-03 8.50000e-03 8.25000e-03 3.85746e+01 8.44799e+00 4.70226e+01 3.30722e+00 6.30963e+01 1.60679e+01 3.85804e+01 4.45672e+01 1.92685e-01 1.11591e-01 4.09735e-04 2.79338e-01 6.31088e-01 1.24903e-01 3.32645e+00
3.6 8.50000e-03 9.00000e-03 8.75000e-03 3.69623e+01 1.08812e+01 4.78434e+01 2.88219e+00 6.36828e+01 1.58263e+01 3.69754e+01 4.29744e+01 1.89564e-01 1.21040e-01 1.37605e-03 1.88898e-01 9.22747e-01 1.05319e-01 2.89712e+00
3.6 9.00000e-03 9.50000e-03 9.25000e-03 3.54378e+01 1.72268e+00 3.71605e+01 3.01615e+00 5.27667e+01 1.55927e+01 3.54514e+01 4.14821e+01 1.86576e-01 1.30571e-01 2.70267e-04 1.76078e-01 1.35045e+00 1.32210e-01 3.02986e+00
3.6 9.50000e-03 1.00000e-02 9.75000e-03 3.39959e+01 6.73382e+00 4.07297e+01 2.96990e+00 5.63009e+01 1.53983e+01 3.41688e+01 4.00808e+01 1.84110e-01 1.40168e-01 2.01985e-04 1.94407e-01 8.02351e-01 1.15367e-01 2.98524e+00
3.6 1.00000e-02 1.12202e-02 1.06101e-02 3.16936e+01 3.29405e+00 3.49876e+01 1.78145e+00 5.00945e+01 1.50187e+01 3.17817e+01 3.78597e+01 1.79347e-01 1.56791e-01 6.54356e-04 1.93957e-01 1.05014e+00 7.78954e-02 1.80774e+00
3.6 1.12202e-02 1.25892e-02 1.19047e-02 2.86049e+01 6.12714e+00 3.47321e+01 1.40404e+00 4.93146e+01 1.45187e+01 2.86689e+01 3.49024e+01 1.73167e-01 1.81969e-01 1.76763e-04 1.45843e-01 8.99101e-01 8.32764e-02 1.43377e+00
3.6 1.25892e-02 1.41254e-02 1.33573e-02 2.55978e+01 4.20118e+00 2.97990e+01 1.16739e+00 4.39054e+01 1.40282e+01 2.56760e+01 3.20358e+01 1.67220e-01 2.10271e-01 3.93624e-05 1.34522e-01 8.91889e-01 6.68148e-02 1.20544e+00
3.6 1.41254e-02 1.58489e-02 1.49871e-02 2.26993e+01 4.19668e+00 2.68959e+01 1.06573e+00 4.05403e+01 1.35509e+01 2.27927e+01 2.92731e+01 1.61543e-01 2.41886e-01 5.25312e-05 1.17300e-01 6.09801e-01 5.08338e-02 1.11092e+00
3.6 1.58489e-02 1.77828e-02 1.68159e-02 1.99333e+01 6.24130e+00 2.61746e+01 1.06239e+00 3.93815e+01 1.30968e+01 2.00433e+01 2.66258e+01 1.56258e-01 2.76978e-01 1.49710e-04 1.26557e-01 4.66637e-01 4.43163e-02 1.11617e+00
3.6 1.77828e-02 1.99526e-02 1.88677e-02 1.73204e+01 4.96929e+00 2.22897e+01 8.00821e-01 3.50967e+01 1.26794e+01 1.74480e+01 2.41038e+01 1.51540e-01 3.15666e-01 1.27236e-04 1.20930e-01 1.51430e-01 2.81232e-02 8.82353e-01
3.6 1.99526e-02 2.23872e-02 2.11699e-02 1.48784e+01 7.15394e+00 2.20323e+01 7.52767e-01 3.44873e+01 1.23069e+01 1.50265e+01 2.17153e+01 1.47518e-01 3.58021e-01 1.20091e-04 1.42017e-01 1.56654e-01 3.25377e-02 8.58352e-01
3.6 2.23872e-02 2.51189e-02 2.37530e-02 1.26219e+01 7.21060e+00 1.98325e+01 7.34830e-01 3.19985e+01 1.19934e+01 1.27945e+01 1.94667e+01 1.44412e-01 4.04050e-01 4.16122e-05 1.26851e-01 4.63716e-01 4.91410e-02 8.60336e-01
3.6 2.51189e-02 2.81838e-02 2.66514e-02 1.05625e+01 7.45564e+00 1.80181e+01 6.13265e-01 2.99639e+01 1.17449e+01 1.07634e+01 1.73626e+01 1.42380e-01 4.53689e-01 1.20550e-04 1.68845e-01 4.07140e-01 3.61311e-02 7.94171e-01
3.6 2.81838e-02 3.16228e-02 2.99033e-02 8.70887e+00 5.35014e+00 1.40590e+01 5.12579e-01 2.58739e+01 1.15796e+01 8.94412e+00 1.54057e+01 1.41780e-01 5.06785e-01 0.00000e+00 2.04638e-01 1.13733e-01 3.31882e-02 7.62592e-01
3.6 3.16228e-02 3.54813e-02 3.35521e-02 7.06592e+00 6.39994e+00 1.34659e+01 5.38808e-01 2.53764e+01 1.16147e+01 7.36173e+00 1.35969e+01 1.44253e-01 5.63097e-01 0.00000e+00 1.03835e-01 1.26788e-01 3.32937e-02 7.99364e-01
3.8 5.00000e-04 1.00000e-03 7.50000e-04 5.67300e+01 5.53472e+01 1.12077e+02 8.06816e+00 1.31362e+02 1.84010e+01 5.76135e+01 1.15570e+02 2.58283e-01 2.19637e-03 4.11559e-03 6.61795e+00 8.98251e+00 5.42181e-01 1.04384e+01
3.8 1.00000e-03 1.50000e-03 1.25000e-03 7.01564e+01 3.31639e+01 1.03320e+02 6.92709e+00 1.26029e+02 2.11059e+01 7.17596e+01 1.09361e+02 2.74979e-01 5.77323e-03 8.08992e-03 1.84469e+00 3.77177e+00 4.44961e-01 7.17378e+00
3.8 1.50000e-03 2.00000e-03 1.75000e-03 7.40937e+01 3.40743e+01 1.08168e+02 7.14018e+00 1.31399e+02 2.18329e+01 7.54916e+01 1.02434e+02 2.76077e-01 1.05988e-02 7.74749e-03 7.72296e-01 2.85520e+00 3.27972e-01 7.18715e+00
3.8 2.00000e-03 2.50000e-03 2.25000e-03 7.42016e+01 1.70218e+01 9.12233e+01 6.58873e+00 1.14246e+02 2.16167e+01 7.56071e+01 9.60038e+01 2.69033e-01 1.64207e-02 1.99175e-03 3.94062e-01 1.53477e+00 2.25254e-01 6.60601e+00
3.8 2.50000e-03 3.00000e-03 2.75000e-03 7.25926e+01 8.13720e+00 8.07298e+01 6.57524e+00 1.03811e+02 2.17387e+01 7.39347e+01 9.02358e+01 2.67271e-01 2.30559e-02 2.94378e-03 2.70324e-01 2.74559e+00 2.31228e-01 6.58627e+00
3.8 3.00000e-03 3.50000e-03 3.25000e-03 7.01959e+01 1.07905e+01 8.09864e+01 6.18863e+00 1.03828e+02 2.15897e+01 7.14475e+01 8.50915e+01 2.63176e-01 3.03662e-02 2.38501e-03 2.99326e-01 1.88247e+00 2.11149e-01 6.20152e+00
3.8 3.50000e-03 4.00000e-03 3.75000e-03 6.74611e+01 7.92311e+00 7.53842e+01 6.03932e+00 9.79320e+01 2.13455e+01 6.86634e+01 8.04936e+01 2.58584e-01 3.82438e-02 1.54122e-03 2.88767e-01 1.45507e+00 1.94774e-01 6.05187e+00
3.8 4.00000e-03 4.50000e-03 4.25000e-03 6.46181e+01 2.05342e+01 8.51523e+01 6.86003e+00 1.07347e+02 2.10225e+01 6.57903e+01 7.63650e+01 2.53490e-01 4.66025e-02 1.87677e-03 3.47075e-01 1.06315e+00 1.76100e-01 6.87364e+00
3.8 4.50000e-03 5.00000e-03 4.75000e-03 6.17882e+01 7.52365e+00 6.93118e+01 5.60318e+00 9.10370e+01 2.05950e+01 6.29184e+01 7.26385e+01 2.47430e-01 5.53721e-02 9.45186e-04 1.88866e-01 7.96143e-01 1.57805e-01 5.61209e+00
3.8 5.00000e-03 5.50000e-03 5.25000e-03 5.90352e+01 2.43325e+00 6.14684e+01 5.36495e+00 8.28443e+01 2.03037e+01 6.01074e+01 6.92575e+01 2.43105e-01 6.44945e-02 8.70491e-04 1.42804e-01 7.86791e-01 1.59743e-01 5.37274e+00
3.8 5.50000e-03 6.00000e-03 5.75000e-03 5.63917e+01 1.66702e+01 7.30620e+01 5.97068e+00 9.40777e+01 1.99840e+01 5.74235e+01 6.61751e+01 2.38631e-01 7.39210e-02 7.49005e-04 2.78085e-01 8.11372e-01 1.48576e-01 5.98237e+00
3.8 6.00000e-03 6.50000e-03 6.25000e-03 5.38728e+01 9.42340e+00 6.32962e+01 5.87164e+00 8.38612e+01 1.95673e+01 5.48705e+01 6.33522e+01 2.33170e-01 8.36102e-02 1.25127e-03 1.62063e-01 1.10745e+00 1.21828e-01 5.87909e+00
3.8 6.50000e-03 7.00000e-03 6.75000e-03 5.14833e+01 -4.61214e+00 4.68711e+01 4.87675e+00 6.70263e+01 1.91962e+01 5.24423e+01 6.07564e+01 2.28327e-01 9.35270e-02 1.19071e-03 2.54933e-01 9.73535e-01 1.42338e-01 4.88964e+00
3.8 7.00000e-03 7.50000e-03 7.25000e-03 4.92224e+01 1.56566e+01 6.48790e+01 5.13094e+00 8.46695e+01 1.88651e+01 5.01478e+01 5.83604e+01 2.24031e-01 1.03641e-01 3.94929e-03 2.48670e-01 7.94675e-01 1.48957e-01 5.14289e+00
3.8 7.50000e-03 8.00000e-03 7.75000e-03 4.70862e+01 7.78595e+00 5.48721e+01 5.15183e+00 7.43122e+01 1.85515e+01 4.79748e+01 5.61411e+01 2.20005e-01 1.13926e-01 1.68462e-03 2.43425e-01 8.09124e-01 1.06375e-01 5.16352e+00
3.8 8.00000e-03 8.50000e-03 8.25000e-03 4.50689e+01 1.65018e+01 6.15708e+01 5.30108e+00 8.06710e+01 1.82461e+01 4.59230e+01 5.40791e+01 2.16131e-01 1.24358e-01 4.97185e-04 3.38957e-01 6.89398e-01 1.11101e-01 5.31775e+00
3.8 8.50000e-03 9.00000e-03 8.75000e-03 4.31642e+01 1.00668e+01 5.32310e+01 4.47278e+00 7.20166e+01 1.79434e+01 4.40064e+01 5.21576e+01 2.12345e-01 1.34918e-01 1.67010e-03 2.29264e-01 7.16386e-01 1.18690e-01 4.48571e+00
3.8 9.00000e-03 9.50000e-03 9.25000e-03 4.13652e+01 3.06498e+00 4.44301e+01 4.55135e+00 6.28350e+01 1.76450e+01 4.21250e+01 5.03623e+01 2.08628e-01 1.45588e-01 3.28125e-04 2.13772e-01 8.88115e-01 1.28618e-01 4.56347e+00
3.8 9.50000e-03 1.00000e-02 9.75000e-03 3.96651e+01 3.54575e+00 4.32109e+01 4.51677e+00 6.15944e+01 1.74003e+01 4.06484e+01 4.86808e+01 2.05616e-01 1.56352e-01 2.45325e-04 2.36121e-01 9.03323e-01 1.28664e-01 4.53031e+00
3.8 1.00000e-02 1.12202e-02 1.06101e-02 3.69537e+01 9.76955e+00 4.67233e+01 2.82287e+00 6.44499e+01 1.69364e+01 3.77440e+01 4.60239e+01 1.99931e-01 1.75049e-01 7.95462e-04 2.35782e-01 1.03043e+00 7.89133e-02 2.84514e+00
3.8 1.12202e-02 1.25892e-02 1.19047e-02 3.33219e+01 7.61383e+00 4.09357e+01 2.48625e+00 5.79059e+01 1.62852e+01 3.40068e+01 4.25014e+01 1.92077e-01 2.03507e-01 2.15248e-04 1.77596e-01 8.51410e-01 6.52153e-02 2.50825e+00
3.8 1.25892e-02 1.41254e-02 1.33573e-02 2.97920e+01 6.25986e+00 3.60518e+01 1.80670e+00 5.23281e+01 1.56396e+01 3.04287e+01 3.91027e+01 1.84369e-01 2.35712e-01 4.80454e-05 1.64196e-01 8.46333e-01 7.43897e-02 1.83867e+00
3.8 1.41254e-02 1.58489e-02 1.49871e-02 2.63951e+01 9.68868e+00 3.60838e+01 1.63039e+00 5.16737e+01 1.49989e+01 2.69861e+01 3.58402e+01 1.76806e-01 2.71985e-01 6.43158e-05 1.43615e-01 5.68601e-01 5.28126e-02 1.66854e+00
3.8 1.58489e-02 1.77828e-02 1.68159e-02 2.31585e+01 1.16802e+01 3.48387e+01 1.81337e+00 4.97456e+01 1.43621e+01 2.37033e+01 3.27245e+01 1.69398e-01 3.12643e-01 1.84001e-04 1.55545e-01 3.78039e-01 3.83257e-02 1.85444e+00
3.8 1.77828e-02 1.99526e-02 1.88677e-02 2.01057e+01 9.67363e+00 2.97793e+01 1.58627e+00 4.40293e+01 1.37426e+01 2.06131e+01 2.97640e+01 1.62304e-01 3.57987e-01 1.57115e-04 1.49327e-01 2.66255e-01 3.41297e-02 1.64105e+00
3.8 1.99526e-02 2.23872e-02 2.11699e-02 1.72564e+01 7.83921e+00 2.50956e+01 1.04504e+00 3.87078e+01 1.31391e+01 1.77295e+01 2.69653e+01 1.55524e-01 4.08301e-01 1.49125e-04 1.76352e-01 2.34403e-01 3.83147e-02 1.14635e+00
3.8 2.23872e-02 2.51189e-02 2.37530e-02 1.46272e+01 8.91149e+00 2.35387e+01 9.32041e-01 3.65448e+01 1.25590e+01 1.50743e+01 2.43327e+01 1.49181e-01 4.63838e-01 5.20137e-05 1.58559e-01 4.11669e-01 3.64816e-02 1.06360e+00
3.8 2.51189e-02 2.81838e-02 2.66514e-02 1.22310e+01 1.06109e+01 2.28418e+01 8.57095e-01 3.52786e+01 1.20051e+01 1.26626e+01 2.18689e+01 1.43342e-01 5.24811e-01 1.51838e-04 2.12667e-01 2.58240e-01 3.22320e-02 1.03721e+00
3.8 2.81838e-02 3.16228e-02 2.99033e-02 1.00768e+01 1.06992e+01 2.07760e+01 8.18961e-01 3.27161e+01 1.15085e+01 1.05084e+01 1.95745e+01 1.38469e-01 5.91381e-01 0.00000e+00 2.60013e-01 1.36789e-01 2.97903e-02 1.05224e+00
3.8 3.16228e-02 3.54813e-02 3.35521e-02 8.16981e+00 7.90517e+00 1.60750e+01 6.65852e-01 2.75847e+01 1.10740e+01 8.60557e+00 1.74486e+01 1.34734e-01 6.63648e-01 0.00000e+00 1.33250e-01 1.41444e-01 3.28526e-02 9.59008e-01
