# continuum noise resolution SB linemask DLAmask DLAcompleteness BALcompleteness
0.300831 0.0490578 0.00596373 0.0828456 0.436127 0.00997869 0.394601 0.147441
0.223793 0.0494677 0.0121883 0.0751657 0.385855 0.0075438 0.244109 0.0892661
0.210594 0.0501383 0.0229265 0.0675402 0.398602 0.00648226 0.197789 0.0708184
0.193072 0.0512323 0.0354962 0.0603341 0.386456 0.00504306 0.160006 0.0561188
0.173443 0.0524553 0.0485406 0.0538543 0.359767 0.00357708 0.129157 0.0443918
0.142553 0.0537181 0.0566216 0.0483441 0.302731 0.00210971 0.096728 0.0325927
0.129433 0.0555858 0.069382 0.0439797 0.279213 0.00115862 0.0809163 0.0267398
0.130821 0.0572695 0.0911276 0.0408705 0.285111 0.000428058 0.0760294 0.02465
0.129744 0.059753 0.114038 0.0390601 0.284504 0.000274362 0.0706185 0.0224711
0.1195 0.0626293 0.12945 0.0385313 0.262768 0.00085162 0.0612946 0.019149
0.106803 0.0654922 0.139879 0.0392109 0.234794 0.00125057 0.0518986 0.0159236
0.101436 0.069402 0.158071 0.0409779 0.222292 0.00160536 0.046908 0.0141395
0.105077 0.0735509 0.192223 0.0436717 0.228856 0.00204431 0.0464255 0.0137525
0.102404 0.0776776 0.217395 0.0471016 0.220948 0.00231252 0.0433766 0.0126312
0.0963623 0.0827728 0.235039 0.0510575 0.205222 0.0024283 0.0392506 0.011239
0.0908977 0.0880423 0.252529 0.0553203 0.190303 0.00248203 0.0356996 0.0100544
0.0874659 0.0936298 0.274663 0.0596731 0.179172 0.00252793 0.0332018 0.00919986
0.08302 0.101315 0.292685 0.0639119 0.165497 0.00248998 0.0305248 0.00832365
0.0851932 0.109577 0.335159 0.0678561 0.164219 0.00260558 0.0303993 0.00815973
0.0814439 0.119601 0.35561 0.0713586 0.150666 0.00249918 0.0282532 0.00746687
0.0760813 0.130129 0.36689 0.0743141 0.133857 0.00230578 0.0256999 0.00668902
0.0704584 0.142958 0.373597 0.0766678 0.116605 0.00207556 0.0232093 0.00595051
0.0692353 0.157374 0.402028 0.0784209 0.106311 0.00194907 0.0222695 0.00562549
0.0714985 0.174082 0.452979 0.0796354 0.100095 0.00188752 0.0224835 0.00559714
0.0659228 0.19284 0.454149 0.0804369 0.0822179 0.00159635 0.0202897 0.00497876
0.0637674 0.215992 0.476198 0.0810149 0.0686177 0.00137821 0.0192293 0.00465201
0.0635547 0.241233 0.512995 0.0816202 0.056274 0.00118253 0.0187955 0.00448384
0.0610739 0.271098 0.531423 0.0825604 0.0411742 0.000928943 0.0177292 0.00417147
0.0578572 0.306474 0.541362 0.0841913 0.0255198 0.000661811 0.0164999 0.00382969
0.0574949 0.349988 0.577173 0.0869058 0.0106372 0.000420128 0.0161204 0.00369167
0.056786 0.401031 0.610285 0.0911188 0.00540706 0.00016076 0.0156648 0.00354007
0.0532296 0.456809 0.611208 0.0972478 0.0213337 0.000105108 0.0144565 0.00322455
0.0482398 0.526757 0.590706 0.10569 0.0353539 0.000342211 0.0129068 0.00284194
0.0509475 0.607717 0.664132 0.116796 0.0556694 0.00063742 0.0134368 0.00292114
0.0487336 0.703873 0.675163 0.130834 0.0721935 0.000887481 0.0126766 0.00272138
0.342302 0.0452869 0.00684346 0.045801 0.32998 0.00210312 0.493403 0.184357
0.245869 0.0456976 0.0136352 0.0413487 0.294457 0.000366501 0.297574 0.108817
0.228136 0.0463346 0.025459 0.0369912 0.311138 0.0010125 0.239337 0.0856943
0.212855 0.0471208 0.0403107 0.0329158 0.316682 0.00227462 0.198011 0.0694483
0.18702 0.04812 0.0541155 0.0292784 0.296033 0.00313642 0.156916 0.0539323
0.152468 0.0493305 0.0627963 0.0262004 0.252626 0.00342057 0.11691 0.0393931
0.139749 0.0508101 0.0778611 0.0237676 0.239618 0.00384904 0.0989641 0.0327039
0.139817 0.0524424 0.101423 0.0220305 0.245955 0.00447778 0.092227 0.0299016
0.137846 0.0545618 0.126373 0.0210052 0.247082 0.00494295 0.0852986 0.0271423
0.126806 0.0568413 0.143469 0.0206762 0.230282 0.0049504 0.0740501 0.0231339
0.113447 0.0594918 0.155362 0.0209992 0.207701 0.00471766 0.0628386 0.0192803
0.104576 0.0626601 0.17057 0.0219054 0.192161 0.00455145 0.0551836 0.0166341
0.109483 0.0659332 0.209809 0.0233059 0.201084 0.00491475 0.0552491 0.0163663
0.10545 0.0694306 0.234676 0.0250969 0.192819 0.0048221 0.0510584 0.0148681
0.0993065 0.0736639 0.254087 0.0271649 0.180084 0.00457657 0.0462725 0.0132496
0.0974741 0.0777702 0.284223 0.0293927 0.174619 0.00448466 0.043822 0.0123419
0.0856313 0.0821593 0.282368 0.031665 0.150945 0.00390063 0.0372312 0.0103164
0.0851027 0.0881654 0.315186 0.0338737 0.147 0.00380981 0.0358591 0.00977825
0.0851739 0.0949245 0.352142 0.0359238 0.143539 0.00372304 0.034847 0.0093536
0.0816494 0.10245 0.374776 0.0377381 0.133619 0.00346517 0.0324907 0.00858677
0.0782634 0.111327 0.396862 0.039262 0.123736 0.00320961 0.0303381 0.00789624
0.072598 0.121162 0.404876 0.0404674 0.110261 0.00286624 0.0274534 0.00703864
0.0715437 0.132587 0.437032 0.0413559 0.103719 0.00271223 0.0264271 0.00667575
0.0722692 0.14555 0.48175 0.041961 0.0992809 0.00262751 0.0261071 0.00649921
0.068859 0.160374 0.499196 0.0423494 0.0888836 0.0024019 0.024354 0.00597608
0.0659617 0.177536 0.518414 0.0426213 0.0792041 0.00221255 0.0228639 0.0055313
0.0627833 0.196999 0.533388 0.0429088 0.0692828 0.00203428 0.021348 0.00509278
0.0608723 0.219586 0.557527 0.0433732 0.0608108 0.00191856 0.0203222 0.00478156
0.0592868 0.245783 0.583939 0.044201 0.0525901 0.00183506 0.019449 0.00451421
0.0606994 0.278795 0.64143 0.0455975 0.0465913 0.00186745 0.0195814 0.00448426
0.0578277 0.315868 0.654208 0.0477794 0.0370361 0.00179374 0.0183578 0.00414867
0.054651 0.357968 0.660564 0.050964 0.0276295 0.00173639 0.0170842 0.00381067
0.0499154 0.407393 0.643378 0.0553581 0.018108 0.0016516 0.015375 0.0033854
0.0512566 0.46515 0.703273 0.0611428 0.0108642 0.00179535 0.0155655 0.00338393
0.0527712 0.535816 0.769468 0.0684574 0.00279592 0.00198682 0.0158083 0.00339369
0.401383 0.0467137 0.00778 0.0303527 0.386352 0.00385824 0.621156 0.232092
0.293091 0.0471185 0.0155894 0.0273894 0.34342 0.00532471 0.376758 0.137773
0.271682 0.0476601 0.0288622 0.0244929 0.356852 0.00713459 0.300476 0.107585
0.250002 0.0484588 0.0448247 0.0217865 0.353762 0.00832054 0.243844 0.0855234
0.224324 0.0492939 0.0611955 0.0193726 0.334326 0.00874459 0.19652 0.0675444
0.181255 0.0504637 0.0701466 0.0173308 0.280478 0.00784485 0.144639 0.0487366
0.167569 0.051823 0.0874885 0.0157174 0.266599 0.00773923 0.123167 0.0407019
0.163088 0.0532951 0.110612 0.014565 0.264858 0.00778753 0.111413 0.036122
0.160236 0.0553257 0.137086 0.0138841 0.264151 0.00770109 0.102499 0.0326156
0.149781 0.0573862 0.157884 0.0136638 0.2495 0.00707255 0.0902764 0.0282032
0.13424 0.0596601 0.171029 0.0138746 0.225073 0.00608638 0.0766403 0.0235149
0.124074 0.0627723 0.188035 0.0144708 0.208659 0.00527857 0.0674044 0.0203178
0.129641 0.0659376 0.230577 0.0153935 0.217983 0.00505082 0.0672821 0.0199308
0.125024 0.0689056 0.257973 0.0165739 0.209537 0.00434082 0.0622012 0.0181129
0.114908 0.072741 0.272337 0.0179371 0.191377 0.00344236 0.0549695 0.0157399
0.109643 0.0768765 0.295894 0.0194056 0.180916 0.00272023 0.0505698 0.0142424
0.102272 0.0806198 0.311876 0.0209032 0.166667 0.00198562 0.0455879 0.0126319
0.0987236 0.085855 0.337887 0.0223586 0.158379 0.00137351 0.0426222 0.0116224
0.0996248 0.0919103 0.380373 0.0237092 0.156791 0.000841128 0.0417396 0.0112037
0.0934559 0.0986531 0.395893 0.0249041 0.143754 0.000294111 0.0380642 0.0100598
0.0895308 0.10633 0.418736 0.0259072 0.134053 0.000164133 0.0355064 0.00924141
0.0838357 0.114976 0.430984 0.0267001 0.121641 0.000532841 0.0324206 0.00831214
0.0823369 0.124706 0.463373 0.027284 0.11519 0.000846249 0.0310902 0.00785367
0.0833762 0.135832 0.511767 0.0276809 0.111835 0.00112197 0.0307779 0.00766199
0.0787727 0.148384 0.525561 0.0279349 0.10065 0.00124059 0.0284598 0.00698356
0.0731454 0.16271 0.528801 0.0281122 0.0883604 0.00124431 0.0258913 0.0062637
0.070632 0.178953 0.551709 0.0282998 0.0799551 0.00120784 0.0245187 0.00584916
0.0705586 0.197652 0.59388 0.0286041 0.0740503 0.00111993 0.0240415 0.00565668
0.0681337 0.219081 0.616413 0.0291482 0.0654276 0.000898219 0.0228061 0.0052934
0.065343 0.246358 0.633965 0.0300673 0.0564683 0.000580838 0.0215031 0.00492435
0.0639237 0.275751 0.663663 0.0315042 0.0486445 0.000181922 0.0206962 0.00467713
0.0588537 0.309664 0.652534 0.0336021 0.038282 0.000299587 0.0187595 0.00418434
0.058705 0.348402 0.693789 0.0364973 0.0312554 0.000884332 0.0184339 0.00405893
0.0577345 0.393843 0.726007 0.0403091 0.0234765 0.00157149 0.0178701 0.00388494
0.0599817 0.448458 0.801226 0.045129 0.0163683 0.00250126 0.0183107 0.0039309
0.48353 0.0566121 0.00921393 0.0318641 0 0.0186147 0.797313 0.297912
0.367048 0.0569502 0.018073 0.0287923 0 0.016863 0.473406 0.173116
0.346892 0.0576106 0.0328034 0.0257784 0 0.0177424 0.370147 0.132531
0.325113 0.0584972 0.0504748 0.0229546 0 0.017877 0.297615 0.104382
0.286657 0.0595185 0.066339 0.0204309 0 0.0165897 0.230916 0.0793665
0.239433 0.060846 0.0773724 0.0182934 0 0.0143733 0.172933 0.0582702
0.219529 0.062223 0.0945055 0.0166034 0 0.0135232 0.144221 0.0476594
0.222273 0.0640812 0.123031 0.0153971 0 0.0139324 0.134336 0.0435541
0.220977 0.0659876 0.152974 0.0146868 0 0.013998 0.123997 0.0394562
0.207971 0.0684844 0.176109 0.0144625 0 0.0132382 0.109171 0.0341062
0.181954 0.071186 0.185081 0.0146938 0 0.0115822 0.0899216 0.0275899
0.171768 0.0744548 0.206721 0.015333 0 0.010889 0.0803485 0.0242196
0.174767 0.0778356 0.245684 0.0163184 0 0.0109947 0.0777376 0.0230279
0.169651 0.0813419 0.275536 0.0175775 0 0.0105599 0.0720452 0.0209795
0.163317 0.0855961 0.303547 0.0190311 0 0.0100327 0.0664472 0.0190264
0.153991 0.0897823 0.324825 0.020597 0 0.00931705 0.060211 0.0169577
0.142287 0.0939532 0.338136 0.0221946 0 0.00846572 0.0536127 0.0148555
0.138471 0.0997483 0.368321 0.023748 0 0.00809283 0.0504012 0.0137437
0.140958 0.106264 0.417224 0.0251905 0 0.00808766 0.0496707 0.0133325
0.134033 0.113509 0.43917 0.0264679 0 0.00754957 0.045815 0.0121082
0.122974 0.121797 0.443935 0.0275418 0 0.00680346 0.0408478 0.0106316
0.119724 0.13097 0.474139 0.0283923 0 0.00651325 0.0387077 0.00992406
0.114838 0.141321 0.496966 0.0290205 0 0.00615421 0.0361912 0.00914224
0.115703 0.153036 0.545189 0.0294497 0 0.006123 0.0355919 0.0088604
0.109225 0.166508 0.558543 0.0297268 0 0.00572572 0.0328365 0.00805754
0.103799 0.181535 0.574306 0.0299218 0 0.00541052 0.0305319 0.00738639
0.096263 0.198598 0.57465 0.0301277 0 0.00501151 0.0277332 0.00661602
0.0955266 0.218266 0.613669 0.0304577 0 0.00499213 0.0269818 0.00634848
0.0954584 0.240277 0.658326 0.0310428 0 0.00503545 0.0264581 0.00614104
0.0907755 0.266951 0.670555 0.0320273 0 0.00486231 0.0247101 0.00565877
0.089687 0.297782 0.708145 0.0335636 0 0.00490865 0.023996 0.00542285
0.0869068 0.331571 0.732013 0.0358046 0 0.00489115 0.0228709 0.00510138
0.0823417 0.371107 0.738511 0.0388956 0 0.0047958 0.0213288 0.00469636
0.0772537 0.4162 0.736508 0.0429643 0 0.00468524 0.0197088 0.00428466
0.0779678 0.472664 0.788837 0.0481086 0 0.00495289 0.0196025 0.00420823
0.479636 0.0601024 0.0105101 0.0399724 0 0.00961129 0.964295 0.360304
0.36484 0.0604885 0.0205318 0.0360933 0 0.0158773 0.570235 0.208524
0.341531 0.0611574 0.0367731 0.0322948 0 0.0225693 0.439963 0.157528
0.32218 0.0620158 0.0568066 0.028741 0 0.027864 0.355153 0.124563
0.29033 0.0631061 0.0761634 0.0255683 0 0.0302797 0.281109 0.0966181
0.238635 0.0643753 0.0872909 0.022883 0 0.0284909 0.206878 0.069708
0.22267 0.0659428 0.108386 0.0207604 0 0.0293485 0.175391 0.0579601
0.219019 0.0676399 0.136949 0.0192449 0 0.0310193 0.158568 0.0514103
0.218136 0.0692751 0.170458 0.0183509 0 0.032504 0.146521 0.0466236
0.202268 0.0722967 0.193219 0.0180649 0 0.0311709 0.127023 0.0396831
0.181207 0.0746545 0.207816 0.0183485 0 0.0284682 0.107079 0.0328541
0.167159 0.0780691 0.226707 0.0191416 0 0.026442 0.093454 0.02817
0.174453 0.0813737 0.276251 0.0203667 0 0.0274846 0.0927084 0.0274627
0.168578 0.0848219 0.308292 0.0219331 0 0.0261951 0.085501 0.0248978
0.157797 0.0889871 0.330127 0.0237418 0 0.0239714 0.0766542 0.021949
0.146441 0.0908844 0.347588 0.0256902 0 0.0215743 0.0683472 0.0192492
0.139452 0.097149 0.372794 0.0276776 0 0.0197781 0.0627046 0.0173748
0.14242 0.102761 0.426028 0.0296096 0 0.0193168 0.0618493 0.0168654
0.138351 0.109199 0.460414 0.0314029 0 0.0178399 0.0581553 0.01561
0.135015 0.116104 0.497256 0.0329902 0 0.0164692 0.0550423 0.0145468
0.125656 0.124334 0.50976 0.0343237 0 0.0144432 0.0497723 0.0129544
0.119194 0.133398 0.530346 0.0353788 0 0.0128782 0.0459469 0.0117801
0.114937 0.143384 0.558712 0.0361567 0 0.0116656 0.0431822 0.0109082
0.118377 0.154975 0.626422 0.0366869 0 0.011306 0.0434058 0.0108056
0.106743 0.167794 0.612888 0.0370277 0 0.00963818 0.0382469 0.00938517
0.106236 0.18235 0.659843 0.0372665 0 0.00914294 0.0372396 0.00900914
0.101045 0.198814 0.677009 0.0375189 0 0.00838954 0.0346886 0.00827529
0.098325 0.21749 0.708807 0.0379259 0 0.00800373 0.0330903 0.00778574
0.0961007 0.238886 0.743575 0.0386507 0 0.00782194 0.0317339 0.00736557
0.090803 0.263019 0.752414 0.0398729 0 0.0075564 0.0294458 0.00674328
0.0930803 0.293939 0.824253 0.0417818 0 0.00810595 0.0296654 0.00670407
0.0824864 0.326288 0.779072 0.0445677 0 0.00768855 0.0258561 0.00576724
0.0828247 0.363178 0.832813 0.0484113 0 0.00843178 0.0255521 0.00562629
0.0763647 0.406123 0.816058 0.0534712 0 0.00863504 0.0232021 0.00504409
0.0783789 0.457022 0.888713 0.0598691 0 0.00997318 0.0234672 0.0050379
0.637545 0.0689635 0.0122348 0.0502541 0 0.0407434 1.17646 0.439577
0.460858 0.0695668 0.0233363 0.045384 0 0.0220884 0.679261 0.248393
0.437923 0.0701157 0.0431529 0.0406131 0 0.0113397 0.541099 0.19374
0.396397 0.0711019 0.064714 0.0361482 0 0.000919344 0.424036 0.148722
0.356427 0.0722809 0.0873125 0.0321612 0 0.00740202 0.337752 0.116086
0.30631 0.0737558 0.105305 0.0287862 0 0.0129797 0.261573 0.0881378
0.277795 0.0753831 0.127729 0.0261183 0 0.0172254 0.216636 0.0715901
0.271804 0.0772424 0.161198 0.0242136 0 0.0215906 0.195629 0.0634264
0.265287 0.0801536 0.197284 0.0230904 0 0.0250882 0.177748 0.0565601
0.242398 0.0823378 0.220983 0.022732 0 0.0260385 0.152276 0.0475724
0.225555 0.0862523 0.247456 0.0230903 0 0.0266263 0.133652 0.0410074
0.21294 0.0888917 0.276837 0.0240898 0 0.026948 0.119626 0.0360589
0.209846 0.093337 0.319099 0.0256329 0 0.0279215 0.112259 0.0332542
0.197344 0.0966272 0.347104 0.0276056 0 0.0271754 0.100917 0.029387
0.190866 0.10111 0.384572 0.0298834 0 0.0268459 0.0936157 0.0268058
0.183806 0.105802 0.42068 0.0323373 0 0.026112 0.0867244 0.0244249
0.169232 0.1101 0.436703 0.0348402 0 0.024049 0.0770142 0.0213398
0.166584 0.116082 0.481479 0.0372735 0 0.0234819 0.0732905 0.0199852
0.168268 0.123001 0.541531 0.0395324 0 0.0233566 0.0717233 0.0192519
0.160055 0.131066 0.570511 0.041532 0 0.0217395 0.0662216 0.0175013
0.151908 0.139503 0.596849 0.0432121 0 0.0200827 0.0611124 0.015906
0.141906 0.14898 0.61191 0.0445417 0 0.0181824 0.0555972 0.0142543
0.134776 0.160374 0.635298 0.0455224 0 0.0166844 0.0514978 0.0130088
0.141335 0.172292 0.725634 0.0461912 0 0.0168733 0.0527377 0.0131287
0.13826 0.186112 0.770583 0.0466214 0 0.0159132 0.0504412 0.0123775
0.125638 0.201789 0.757815 0.0469232 0 0.0139607 0.0448651 0.0108539
0.123678 0.21919 0.805051 0.047242 0 0.0133136 0.043274 0.0103234
0.119263 0.239264 0.835571 0.0477556 0 0.0125078 0.0409261 0.00962941
0.116562 0.261606 0.876835 0.0486692 0 0.0120056 0.0392638 0.00911331
0.118242 0.291327 0.952855 0.0502092 0 0.0120853 0.0391296 0.00896093
0.109626 0.321197 0.94436 0.0526139 0 0.0112588 0.0356677 0.00806052
0.0995774 0.35501 0.915152 0.056123 0 0.0104233 0.0318759 0.00710997
0.100723 0.394218 0.985732 0.0609642 0 0.0109108 0.031744 0.00698966
0.104028 0.438924 1.08222 0.0673372 0 0.011843 0.0322985 0.00702164
0.10101 0.497418 1.11519 0.0753955 0 0.0122658 0.0309137 0.00663651
0.697254 0.0900765 0.0137441 0.0587211 0.557253 0.0298928 1.3702 0.511968
0.578611 0.0906789 0.0277947 0.0530934 0.494173 0.028019 0.838801 0.306733
0.554706 0.0914894 0.0494251 0.047562 0.488255 0.0291419 0.642554 0.230066
0.504553 0.0928771 0.0721232 0.0423728 0.450878 0.02822 0.489978 0.17185
0.457804 0.0941867 0.0959516 0.0377308 0.412257 0.0269591 0.384836 0.132269
0.418177 0.0959743 0.12088 0.0337968 0.377917 0.0257319 0.311319 0.1049
0.394674 0.0981784 0.150523 0.0306856 0.357063 0.0252315 0.264703 0.0874744
0.373784 0.100683 0.181878 0.0284655 0.337984 0.0247106 0.228863 0.0742014
0.364849 0.103485 0.220623 0.0271605 0.329347 0.0248412 0.206107 0.065584
0.353723 0.106812 0.260255 0.026753 0.318469 0.0247139 0.185955 0.0580942
0.311236 0.110489 0.273829 0.0271877 0.279254 0.0222393 0.153357 0.0470534
0.288756 0.114875 0.299411 0.0283771 0.257982 0.0210341 0.134161 0.0404402
0.307105 0.120845 0.3707 0.0302073 0.272971 0.0227351 0.135235 0.0400602
0.303787 0.124225 0.422386 0.0325446 0.268382 0.0227863 0.127349 0.0370839
0.275492 0.129945 0.437187 0.0352424 0.241646 0.0208734 0.110365 0.0316017
0.27078 0.136629 0.486518 0.038149 0.235525 0.0206612 0.104015 0.0292945
0.245718 0.141129 0.496317 0.0411146 0.211639 0.0188225 0.0907747 0.0251527
0.251695 0.14873 0.567929 0.043999 0.214328 0.0192943 0.0896604 0.0244491
0.243152 0.157538 0.609452 0.0466783 0.204331 0.0185911 0.0837199 0.022472
0.225788 0.167316 0.625452 0.049052 0.186859 0.0171588 0.0753006 0.0199007
0.235458 0.177585 0.717524 0.0510488 0.191453 0.0177198 0.0762058 0.0198344
0.219169 0.190044 0.73167 0.0526316 0.174627 0.0162695 0.0689583 0.0176799
0.21657 0.203447 0.789021 0.0538022 0.168579 0.0157907 0.0663476 0.01676
0.200055 0.218672 0.792638 0.0546039 0.151615 0.0142612 0.0597618 0.0148773
0.214329 0.235493 0.920536 0.0551232 0.157529 0.0148619 0.0625134 0.0153398
0.204417 0.254489 0.948902 0.0554904 0.145057 0.0137098 0.0582849 0.0141005
0.190171 0.276458 0.951481 0.0558774 0.129616 0.0122574 0.0530659 0.0126594
0.19014 0.299544 1.02276 0.0564944 0.123728 0.0116919 0.0519787 0.0122299
0.181309 0.327323 1.046 0.0575845 0.111846 0.0105459 0.0486036 0.0112811
0.17734 0.36087 1.0949 0.0594157 0.102839 0.00965908 0.0466591 0.0106852
0.172593 0.397979 1.138 0.0622705 0.0931302 0.00869586 0.0446058 0.0100804
0.172332 0.439019 1.21115 0.066433 0.0854451 0.00791099 0.0437831 0.00976588
0.157367 0.485358 1.1767 0.0721733 0.0705628 0.00645536 0.0393311 0.00866027
0.15682 0.538856 1.24547 0.0797284 0.062284 0.00560145 0.038583 0.00838789
0.145439 0.602211 1.22488 0.0892806 0.0497357 0.00436148 0.0352469 0.00756674
0.748361 0.0948452 0.0145875 0.0682049 2.46119 0.0176908 1.49411 0.558266
0.705025 0.095474 0.0310882 0.0617663 2.31981 0.0231658 0.963881 0.352473
0.683517 0.0963009 0.0538601 0.0554089 2.24902 0.0279108 0.719388 0.257576
0.706253 0.0977212 0.08739 0.0494249 2.32248 0.0336275 0.609959 0.21393
0.628002 0.0988385 0.112436 0.0440593 2.06264 0.0334398 0.463306 0.15924
0.58034 0.101018 0.142073 0.0395051 1.90242 0.033537 0.375932 0.126671
0.526392 0.10301 0.169056 0.0359008 1.72089 0.0322635 0.305447 0.100939
0.508613 0.105416 0.207606 0.0333308 1.65682 0.0324576 0.268404 0.0870211
0.499199 0.107532 0.252571 0.0318266 1.61882 0.0326584 0.242429 0.0771417
0.478269 0.11174 0.293919 0.0313707 1.54238 0.0316481 0.215776 0.0674105
0.451098 0.114133 0.33112 0.0319006 1.44511 0.0298324 0.190538 0.0584614
0.410887 0.119997 0.355191 0.0333157 1.30599 0.0268601 0.163531 0.0492932
0.416212 0.12324 0.418647 0.0354836 1.31086 0.0266192 0.156928 0.0464864
0.401438 0.129332 0.46497 0.0382482 1.25104 0.0248723 0.144048 0.0419467
0.39806 0.135283 0.526119 0.0414382 1.22562 0.0236648 0.136475 0.0390781
0.387036 0.140514 0.579088 0.0448754 1.17544 0.0218699 0.12722 0.0358301
0.347123 0.146094 0.583783 0.0483837 1.03801 0.0184671 0.109719 0.030402
0.330609 0.154465 0.621013 0.0517978 0.971541 0.0164011 0.10075 0.027473
0.336078 0.163056 0.701083 0.0549717 0.968519 0.015395 0.0989709 0.0265656
0.332313 0.173671 0.765909 0.0577867 0.937008 0.0139155 0.0947638 0.0250445
0.307863 0.183341 0.780285 0.0601582 0.847226 0.011664 0.0851685 0.0221672
0.300232 0.195749 0.833219 0.0620421 0.80418 0.0101848 0.0807082 0.0206924
0.290683 0.209498 0.87988 0.06344 0.755541 0.008738 0.0760434 0.0192093
0.298003 0.22409 0.980302 0.0644027 0.749113 0.00786047 0.075967 0.0189115
0.280882 0.241641 1.00081 0.0650319 0.680327 0.00644667 0.069858 0.017142
0.272155 0.261245 1.04711 0.065481 0.632495 0.00540528 0.0661112 0.0159938
0.275242 0.281678 1.14024 0.0659528 0.610859 0.00472946 0.0653695 0.0155945
0.264302 0.307255 1.17578 0.0666957 0.557132 0.00396292 0.0614272 0.0144531
0.254511 0.331732 1.21283 0.067997 0.506385 0.00340285 0.0579341 0.0134468
0.243822 0.361411 1.24171 0.0701733 0.454555 0.00302023 0.0544005 0.0124581
0.252273 0.400736 1.37003 0.0735591 0.436878 0.00305734 0.0552096 0.0124768
0.24245 0.43918 1.4012 0.0784906 0.38596 0.00306464 0.0520794 0.0116164
0.232743 0.487592 1.4287 0.0852876 0.336222 0.0032638 0.0491006 0.0108114
0.237567 0.540374 1.54614 0.0942314 0.306392 0.00388178 0.0492504 0.010707
0.24841 0.594114 1.71116 0.105538 0.27998 0.00488388 0.0506332 0.0108698
0.826809 0.100622 0.0178762 0.0966236 3.61862 0.0610507 1.79658 0.671282
0.776566 0.10149 0.0387491 0.0877345 3.40586 0.0449284 1.17885 0.431084
0.79709 0.10259 0.0722774 0.0788876 3.49668 0.0344838 0.947255 0.339164
0.666313 0.103394 0.0961679 0.0705132 2.91782 0.0201295 0.65862 0.230998
0.641077 0.1052 0.135264 0.0629739 2.79645 0.0120602 0.546905 0.187973
0.627112 0.10683 0.182235 0.0565576 2.71897 0.00573058 0.473142 0.159426
0.551247 0.109422 0.211037 0.051474 2.37023 0.000668669 0.37413 0.123636
0.495693 0.11196 0.241528 0.0478537 2.10885 0.00246876 0.306387 0.099336
0.518892 0.114392 0.313017 0.0457503 2.17916 0.00492953 0.294794 0.0938047
0.510798 0.119533 0.372936 0.0451456 2.11266 0.00635386 0.268631 0.0839229
0.468519 0.122516 0.406255 0.0459556 1.90397 0.00652149 0.229371 0.070376
0.441798 0.127884 0.44776 0.0480397 1.7599 0.00622273 0.202264 0.0609688
0.437332 0.133216 0.511054 0.0512107 1.70364 0.00572698 0.187954 0.055677
0.432024 0.138255 0.575332 0.0552458 1.64186 0.00480329 0.174874 0.0509232
0.391094 0.143865 0.587575 0.0598988 1.44646 0.00325561 0.149538 0.0428185
0.396759 0.145105 0.666637 0.064913 1.42443 0.00193743 0.143685 0.0404673
0.398415 0.156107 0.743007 0.0700339 1.38478 0.000381756 0.137003 0.0379619
0.399515 0.1643 0.82156 0.075022 1.3405 0.00131632 0.130761 0.0356567
0.380455 0.17417 0.857826 0.0796652 1.22853 0.00294075 0.118803 0.0318888
0.367485 0.18485 0.904077 0.0837903 1.13811 0.00448705 0.109736 0.0290015
0.37 0.19617 0.989052 0.0872737 1.09481 0.00614596 0.105905 0.0275643
0.379662 0.208314 1.0988 0.0900504 1.06861 0.00790258 0.104409 0.026769
0.356007 0.224628 1.1122 0.0921216 0.948286 0.00879849 0.0942917 0.023819
0.368 0.239383 1.23793 0.0935599 0.922043 0.0103806 0.0941031 0.0234264
0.3908 0.257207 1.41272 0.0945128 0.914309 0.012193 0.0967276 0.0237354
0.34239 0.27975 1.32797 0.0952026 0.741241 0.0115032 0.0822412 0.0198961
0.333666 0.300422 1.38688 0.0959242 0.660815 0.01178 0.0779878 0.0186047
0.373168 0.328649 1.66094 0.0970389 0.666105 0.0135194 0.0851108 0.0200255
0.321579 0.355021 1.53211 0.0989654 0.507124 0.0116633 0.0717807 0.0166606
0.291196 0.388263 1.485 0.102166 0.394445 0.0102835 0.0638083 0.0146125
0.307831 0.428447 1.68088 0.107128 0.343399 0.0102335 0.0664323 0.015013
0.317707 0.468621 1.85884 0.114343 0.27235 0.00950437 0.0677564 0.0151132
0.331924 0.521301 2.08316 0.12428 0.191321 0.00835235 0.0702099 0.0154594
0.331386 0.572008 2.23429 0.137349 0.089158 0.00622615 0.0697934 0.015173
0.284201 0.636121 2.06252 0.153869 0.0198234 0.00299725 0.0598472 0.0128479
0.813488 0.122152 0.0247136 0.133374 1.43754 0.088528 2.16175 0.807727
0.858238 0.123924 0.0583279 0.121655 1.51168 0.103958 1.54442 0.564765
0.703808 0.124949 0.0844618 0.109821 1.23347 0.0932119 0.963394 0.344942
0.716018 0.126631 0.133233 0.098506 1.24631 0.102207 0.794113 0.278519
0.684579 0.129074 0.18188 0.0882461 1.18123 0.104085 0.639972 0.21996
0.608966 0.131866 0.218199 0.0794741 1.03958 0.0976441 0.492988 0.166114
0.612902 0.135145 0.284038 0.0725103 1.03306 0.102761 0.438168 0.144798
0.626325 0.138221 0.36359 0.0675616 1.0401 0.108994 0.401317 0.130114
0.619198 0.143524 0.439036 0.0647235 1.01084 0.111113 0.359743 0.114472
0.615612 0.148062 0.522359 0.0639865 0.985644 0.113253 0.327339 0.102264
0.548699 0.152708 0.547875 0.0652453 0.859468 0.102947 0.269084 0.082561
0.469082 0.1608 0.54346 0.0683108 0.716934 0.0893312 0.213535 0.064366
0.498448 0.169221 0.662112 0.0729246 0.741234 0.0959307 0.211786 0.0627368
0.51356 0.175503 0.774214 0.0787754 0.740797 0.0994855 0.204646 0.0595926
0.521133 0.183791 0.883791 0.0855157 0.726732 0.10123 0.195578 0.0560015
0.435047 0.190201 0.823648 0.0927808 0.584355 0.0844399 0.154345 0.0434695
0.510613 0.20242 1.072 0.100208 0.657904 0.0986913 0.17183 0.0476123
0.518115 0.212058 1.19914 0.107452 0.637406 0.0993959 0.16589 0.0452356
0.50153 0.230307 1.27301 0.11421 0.586024 0.0951943 0.153215 0.0411258
0.492687 0.242175 1.36523 0.12023 0.543465 0.092234 0.143988 0.0380536
0.482927 0.25988 1.45496 0.125332 0.499303 0.0888882 0.135348 0.0352276
0.41981 0.279383 1.37022 0.12942 0.403386 0.0757316 0.113094 0.0289957
0.445953 0.301515 1.57184 0.132494 0.394143 0.0785885 0.115731 0.0292347
0.478997 0.330308 1.81803 0.134657 0.384428 0.082182 0.119999 0.029873
0.3773 0.348031 1.53819 0.136118 0.270492 0.0627985 0.0914303 0.0224355
0.446243 0.385131 1.94977 0.137198 0.279631 0.0717777 0.104805 0.0253548
0.414552 0.42016 1.93744 0.13832 0.22032 0.0641717 0.094541 0.0225536
0.440552 0.460676 2.19856 0.140006 0.189928 0.0653303 0.0977408 0.0229972
0.443568 0.503233 2.36016 0.142862 0.144269 0.0626895 0.0959111 0.0222614
0.493613 0.560167 2.7967 0.147558 0.105376 0.0660985 0.104209 0.0238645
0.402858 0.617234 2.4278 0.1548 0.0384271 0.0507664 0.0831873 0.0187995
0.527407 0.690812 3.3776 0.165304 0.0155666 0.0620451 0.106711 0.0238021
0.45457 0.764574 3.09129 0.17975 0.0735377 0.0494427 0.0902807 0.0198788
0.405317 0.853897 2.92521 0.198737 0.12241 0.0402772 0.0791581 0.0172089
0.438089 0.977115 3.35399 0.222732 0.197545 0.0391761 0.0842852 0.0180942
0.950987 0.118204 0.0338001 0.128685 7.60658 0.000302337 2.77449 1.03667
0.793239 0.118426 0.0619788 0.117164 6.0609 0.00694905 1.54001 0.563152
0.913447 0.120179 0.124125 0.1056 6.68555 0.0141039 1.32859 0.475699
0.888435 0.122353 0.18475 0.0945882 6.24389 0.0177976 1.03331 0.362412
0.7407 0.12655 0.217459 0.084632 5.00895 0.016898 0.717995 0.246777
0.797332 0.127841 0.312678 0.0761356 5.197 0.019161 0.662886 0.223361
0.826383 0.131373 0.415749 0.069396 5.19839 0.0197591 0.601783 0.198867
0.843824 0.135408 0.528148 0.0646024 5.12742 0.0191167 0.546969 0.177337
0.735071 0.139963 0.558739 0.0618388 4.31654 0.015034 0.429553 0.136685
0.586459 0.143027 0.530939 0.0610898 3.32818 0.0102493 0.312155 0.0975201
0.691724 0.151371 0.734027 0.0622498 3.79196 0.00960697 0.338219 0.103773
0.648064 0.156691 0.795325 0.0651344 3.4284 0.00637605 0.293159 0.0883672
0.668851 0.167437 0.938538 0.0694943 3.40953 0.00365764 0.281613 0.0834214
0.703858 0.173806 1.11826 0.0750304 3.45015 0.000641685 0.277264 0.080739
0.645211 0.181353 1.15075 0.0814107 3.0329 0.00239105 0.238856 0.0683937
0.774006 0.204838 1.53811 0.0882872 3.47705 0.00639662 0.27033 0.0761352
0.685766 0.200543 1.5083 0.095314 2.93155 0.00867491 0.226737 0.0628263
0.627816 0.21344 1.51926 0.102165 2.54059 0.0105188 0.197096 0.053745
0.60257 0.22891 1.59576 0.10855 2.29354 0.0123379 0.180095 0.0483409
0.505074 0.245675 1.4567 0.114232 1.79406 0.0119776 0.144052 0.0380706
0.672351 0.265629 2.10254 0.11904 2.20722 0.017736 0.183374 0.0477276
0.633548 0.287145 2.13945 0.122886 1.89896 0.0179809 0.165542 0.0424424
0.590574 0.310611 2.14561 0.125769 1.59131 0.0175033 0.148084 0.0374074
0.564497 0.337303 2.19884 0.127787 1.33975 0.0169748 0.136033 0.0338645
0.552919 0.363367 2.30173 0.12914 1.1241 0.0163703 0.128223 0.0314638
0.584173 0.397788 2.59117 0.130132 0.977201 0.0164615 0.130521 0.031576
0.58496 0.438809 2.75692 0.131166 0.755779 0.0150478 0.126054 0.0300713
0.525777 0.48581 2.62603 0.132736 0.468047 0.0116648 0.109378 0.0257352
0.636065 0.531802 3.3583 0.135415 0.297013 0.0111387 0.127846 0.0296737
0.544514 0.605198 3.03199 0.139838 0.0119825 0.00634745 0.105822 0.0242339
0.626166 0.673478 3.66894 0.146674 0.278516 0.00286875 0.117739 0.0266078
0.533547 0.739306 3.28275 0.156597 0.498061 0.0020002 0.0971223 0.0216633
0.731177 0.818955 4.71441 0.170252 1.05582 0.00976975 0.128915 0.0283857
0.518108 0.939113 3.49404 0.188205 1.02385 0.012579 0.0885177 0.0192436
0.658928 1.06885 4.63927 0.210895 1.66683 0.0240611 0.10913 0.0234277
0.901332 0.13616 0.0363863 0.160359 3.49299 0.421897 3.12846 1.16893
0.739351 0.135572 0.0623524 0.145877 2.65481 0.176204 1.6228 0.593426
0.802817 0.139168 0.112864 0.13138 2.6841 0.0600145 1.26538 0.453067
0.795907 0.140274 0.165287 0.117601 2.4871 0.0321401 0.968335 0.339624
0.88426 0.143123 0.251724 0.105161 2.59032 0.105677 0.870594 0.299226
0.717568 0.146139 0.26623 0.0945537 1.97517 0.123132 0.591226 0.199215
0.831386 0.150999 0.387729 0.086143 2.15436 0.169016 0.587898 0.194278
0.798655 0.152805 0.455659 0.0801583 1.95107 0.175428 0.494336 0.160272
0.83516 0.15981 0.570792 0.0766995 1.92548 0.187565 0.459697 0.146277
0.841375 0.16787 0.677411 0.0757438 1.83193 0.18608 0.417232 0.130347
0.742125 0.174779 0.694335 0.0771571 1.52643 0.157211 0.335172 0.102838
0.87212 0.179605 0.937512 0.0807085 1.69435 0.173197 0.362046 0.109132
0.828118 0.18732 1.01308 0.0860873 1.51873 0.151568 0.318488 0.0943446
0.77348 0.192125 1.06805 0.0929217 1.33747 0.128741 0.277466 0.0807976
0.673737 0.202275 1.04263 0.1008 1.09635 0.100993 0.22676 0.0649302
0.791804 0.217816 1.36467 0.10929 1.20921 0.10629 0.251327 0.0707833
0.811497 0.228429 1.54898 0.117964 1.15855 0.0974767 0.244008 0.067612
0.793278 0.236804 1.6686 0.126419 1.05317 0.0857055 0.226853 0.0618594
0.746567 0.253115 1.72258 0.134296 0.915138 0.073419 0.203744 0.0546887
0.738365 0.272773 1.86099 0.141302 0.827656 0.0673596 0.192882 0.0509756
0.679258 0.291158 1.86287 0.147227 0.687212 0.058933 0.170294 0.0443232
0.758781 0.315222 2.2561 0.15196 0.680455 0.0643988 0.182985 0.0469145
0.753211 0.336771 2.4197 0.155503 0.583522 0.0642934 0.175064 0.044223
0.714504 0.371867 2.47191 0.157977 0.4602 0.0628017 0.160322 0.0399113
0.696306 0.392283 2.58615 0.15963 0.35053 0.0640787 0.151045 0.037064
0.557893 0.446859 2.21777 0.160837 0.195942 0.0542133 0.117132 0.0283369
0.683212 0.468975 2.89841 0.162097 0.127087 0.0701289 0.138963 0.033151
0.539957 0.531033 2.43757 0.164019 0.00342483 0.0581165 0.106471 0.0250514
0.671585 0.578536 3.21719 0.167313 0.127071 0.0746952 0.128448 0.0298133
0.5625 0.638528 2.85151 0.172761 0.226121 0.0632332 0.104387 0.0239052
0.689136 0.711019 3.68681 0.181189 0.436397 0.0758918 0.124105 0.0280466
0.700557 0.791461 3.94468 0.19343 0.619375 0.0723052 0.122432 0.0273085
0.414163 0.879677 2.44795 0.210279 0.478594 0.0374733 0.0702299 0.0154638
0.843129 0.984839 5.21718 0.232434 1.2212 0.059623 0.138683 0.0301496
0.45063 1.13392 2.91161 0.260436 0.794579 0.0192442 0.0718715 0.0154292
0.585743 0.154728 0.0491251 0.181497 8.63366 0.105856 4.46127 1.66693
0.572795 0.151307 0.0823574 0.164818 6.33976 0.0640478 2.26401 0.827907
0.690357 0.154826 0.144788 0.148213 6.17455 0.0524184 1.71461 0.613915
0.73759 0.161628 0.20756 0.132491 5.57591 0.040945 1.28442 0.450484
0.736559 0.161797 0.26433 0.118334 4.85085 0.0319647 0.965652 0.331897
0.80774 0.163318 0.357292 0.106285 4.73589 0.0291618 0.838133 0.282411
0.786168 0.170192 0.418282 0.0967374 4.17042 0.0249409 0.669955 0.221395
0.684846 0.163161 0.430285 0.0899386 3.32784 0.0199489 0.49312 0.159878
0.869295 0.175205 0.635751 0.0859898 3.90671 0.0239888 0.54089 0.172113
1.09582 0.184936 0.922076 0.0848571 4.58883 0.0291973 0.599977 0.187438
1.13978 0.19503 1.0929 0.0863833 4.4731 0.0295688 0.55736 0.17101
0.532401 0.198112 0.576998 0.0903046 1.9666 0.0134458 0.235417 0.0709619
0.921304 0.209522 1.12058 0.0962689 3.21275 0.0224933 0.372207 0.110258
0.774099 0.216614 1.05009 0.103858 2.55302 0.0180397 0.288242 0.0839357
0.785216 0.221214 1.18131 0.112608 2.45082 0.0171537 0.271481 0.0777354
0.802244 0.240785 1.33166 0.122039 2.36846 0.0160414 0.259157 0.0729885
0.906866 0.247463 1.65295 0.13167 2.52799 0.0160866 0.27517 0.0762465
0.712648 0.259614 1.4199 0.141051 1.86997 0.010752 0.204013 0.0556313
0.539554 0.274132 1.17004 0.149785 1.32654 0.006518 0.146266 0.0392605
0.880942 0.297405 2.07052 0.157544 2.01645 0.0077356 0.226825 0.0599462
0.585454 0.320248 1.48528 0.164097 1.23704 0.00308968 0.143523 0.0373552
0.79416 0.335476 2.16596 0.169322 1.53167 0.00133451 0.185708 0.0476128
0.816633 0.363479 2.38479 0.173219 1.41645 0.00153324 0.182408 0.0460781
0.649225 0.40088 2.02188 0.175927 0.992771 0.003405 0.138646 0.0345152
0.74912 0.422609 2.47801 0.177722 0.982586 0.00618295 0.153033 0.0375517
0.595793 0.461602 2.08492 0.179022 0.644245 0.00638972 0.116443 0.0281703
0.765232 0.495081 2.82146 0.180381 0.641157 0.00954353 0.14306 0.0341282
1.01498 0.532511 3.92705 0.18248 0.590021 0.0135049 0.18142 0.0426858
0.915661 0.593342 3.70266 0.186106 0.285762 0.0119434 0.156369 0.0362939
1.04529 0.668771 4.39984 0.192126 0.0323193 0.0120333 0.170386 0.0390194
0.981893 0.72601 4.28501 0.20146 0.256387 0.00839938 0.152603 0.0344867
0.712773 0.795211 3.21227 0.215032 0.401056 0.0028764 0.10549 0.0235297
0.756019 0.879398 3.50499 0.233721 0.659372 0.0016277 0.106407 0.0234297
0.938352 1.01022 4.45831 0.258303 1.11461 0.00946834 0.125421 0.0272665
0.543481 1.13846 2.63663 0.289374 0.819468 0.0107743 0.0688869 0.0147885
