# zLya k PLya stat Pnoise PSB
2.2 0.001084 19.2561 0.252723 2.55509 3.05729
2.2 0.001626 17.4875 0.215235 2.57644 2.57233
2.2 0.002168 18.4981 0.217733 2.61137 2.15247
2.2 0.00271 18.3231 0.213203 2.66835 1.79726
2.2 0.003252 17.393 0.200655 2.73205 1.5044
2.2 0.003794 14.8984 0.166486 2.79782 1.27013
2.2 0.004336 13.9691 0.159024 2.89509 1.08957
2.2 0.004878 14.4871 0.161714 2.98279 0.957042
2.2 0.00542 14.6739 0.158623 3.11213 0.866367
2.2 0.005962 13.755 0.156638 3.26194 0.811092
2.2 0.006504 12.478 0.140297 3.41105 0.78473
2.2 0.007046 12.0033 0.138754 3.61468 0.780949
2.2 0.007588 12.5727 0.157547 3.83077 0.793739
2.2 0.00813 12.3725 0.15377 4.04571 0.817547
2.2 0.008672 11.7427 0.143937 4.31108 0.847392
2.2 0.009214 11.1616 0.156045 4.58553 0.878952
2.2 0.009756 10.8137 0.141017 4.87655 0.908626
2.2 0.010298 10.3273 0.142325 5.27682 0.933581
2.2 0.01084 10.6568 0.147555 5.70715 0.951764
2.2 0.011382 10.2395 0.148358 6.2292 0.961913
2.2 0.011924 9.60963 0.147687 6.77756 0.963528
2.2 0.012466 8.93724 0.14748 7.44572 0.956842
2.2 0.013008 8.81644 0.149974 8.19655 0.942761
2.2 0.01355 9.1375 0.164986 9.06678 0.922803
2.2 0.014092 8.4531 0.165457 10.0438 0.899006
2.2 0.014634 8.20211 0.172342 11.2496 0.873839
2.2 0.015176 8.1984 0.189565 12.5642 0.850084
2.2 0.015718 7.89966 0.199393 14.1197 0.830727
2.2 0.01626 7.5025 0.209376 15.9622 0.818817
2.2 0.016802 7.47319 0.218169 18.2286 0.817334
2.2 0.017344 7.39748 0.257193 20.887 0.829039
2.2 0.017886 6.94871 0.284435 23.7921 0.856324
2.2 0.018428 6.30978 0.297656 27.4353 0.90105
2.2 0.01897 6.67638 0.347715 31.6519 0.964386
2.2 0.019512 6.39755 0.376181 36.66 1.04664
2.4 0.001084 24.0775 0.266895 2.35869 3.40093
2.4 0.001626 21.3177 0.219204 2.38008 2.84173
2.4 0.002168 22.3838 0.22596 2.41326 2.36112
2.4 0.00271 22.6753 0.219956 2.45421 1.95725
2.4 0.003252 21.1311 0.208089 2.50625 1.62621
2.4 0.003794 18.0069 0.170779 2.5693 1.36258
2.4 0.004336 17.0848 0.162106 2.64636 1.15981
2.4 0.004878 17.5735 0.166569 2.73138 1.01065
2.4 0.00542 17.7243 0.15825 2.84176 0.907451
2.4 0.005962 16.6174 0.159392 2.96048 0.842462
2.4 0.006504 15.1083 0.137527 3.09853 0.808101
2.4 0.007046 14.1209 0.138301 3.26355 0.797142
2.4 0.007588 14.9623 0.158703 3.43402 0.80289
2.4 0.00813 14.5636 0.148407 3.61618 0.819314
2.4 0.008672 13.8434 0.140832 3.83666 0.841145
2.4 0.009214 13.701 0.171551 4.05053 0.863942
2.4 0.009756 12.1261 0.131547 4.27913 0.884132
2.4 0.010298 12.1321 0.132646 4.59195 0.899022
2.4 0.01084 12.216 0.139575 4.94398 0.906781
2.4 0.011382 11.7752 0.137218 5.33591 0.906411
2.4 0.011924 11.3439 0.137647 5.79827 0.897689
2.4 0.012466 10.5715 0.133149 6.31052 0.881093
2.4 0.013008 10.4624 0.138775 6.90559 0.857719
2.4 0.01355 10.6102 0.144751 7.58071 0.829176
2.4 0.014092 10.1464 0.14633 8.35279 0.79748
2.4 0.014634 9.75242 0.151001 9.24666 0.764932
2.4 0.015176 9.31181 0.156494 10.2604 0.733996
2.4 0.015718 9.055 0.163463 11.4368 0.707171
2.4 0.01626 8.84349 0.177181 12.8012 0.686865
2.4 0.016802 9.07765 0.180491 14.5206 0.675263
2.4 0.017344 8.66923 0.208318 16.4515 0.674211
2.4 0.017886 8.21175 0.218877 18.6442 0.685093
2.4 0.018428 7.5164 0.236332 21.2184 0.708726
2.4 0.01897 7.73411 0.266879 24.2266 0.745262
2.4 0.019512 7.97804 0.287854 27.9071 0.794102
2.6 0.001084 30.3118 0.334273 2.43301 3.02509
2.6 0.001626 26.9903 0.277338 2.45409 2.53043
2.6 0.002168 28.1018 0.29635 2.4823 2.10481
2.6 0.00271 27.9239 0.290542 2.52389 1.74678
2.6 0.003252 26.4644 0.272653 2.56739 1.45305
2.6 0.003794 22.2779 0.229203 2.62832 1.21897
2.6 0.004336 21.2631 0.215305 2.69911 1.03888
2.6 0.004878 21.2293 0.215888 2.77578 0.906445
2.6 0.00542 21.2984 0.200258 2.88154 0.814971
2.6 0.005962 20.2587 0.209569 2.98887 0.757649
2.6 0.006504 18.4266 0.176004 3.1073 0.727783
2.6 0.007046 17.2481 0.180234 3.26939 0.718971
2.6 0.007588 18.221 0.200159 3.43425 0.725259
2.6 0.00813 17.7419 0.189316 3.58883 0.741263
2.6 0.008672 16.4453 0.177712 3.78859 0.762257
2.6 0.009214 15.8107 0.197449 4.00398 0.78424
2.6 0.009756 14.8478 0.167711 4.19895 0.803976
2.6 0.010298 14.4202 0.167492 4.47161 0.819004
2.6 0.01084 14.6323 0.167643 4.78699 0.827634
2.6 0.011382 13.7952 0.166887 5.13818 0.82892
2.6 0.011924 13.2764 0.166391 5.53804 0.82262
2.6 0.012466 12.4842 0.161192 5.98834 0.809128
2.6 0.013008 12.3085 0.166621 6.4951 0.789405
2.6 0.01355 12.5084 0.172537 7.07457 0.764896
2.6 0.014092 11.8569 0.169766 7.72834 0.737426
2.6 0.014634 11.0437 0.173255 8.4745 0.709106
2.6 0.015176 10.6948 0.174295 9.32048 0.682214
2.6 0.015718 10.7122 0.187059 10.2944 0.659087
2.6 0.01626 10.37 0.194198 11.4104 0.642002
2.6 0.016802 9.96854 0.189557 12.8312 0.633062
2.6 0.017344 9.77351 0.217634 14.362 0.634077
2.6 0.017886 9.01701 0.226202 16.1283 0.646455
2.6 0.018428 9.01181 0.244345 18.1459 0.671096
2.6 0.01897 8.8792 0.268347 20.5126 0.708295
2.6 0.019512 9.24094 0.289505 23.3572 0.75765
2.8 0.001084 38.9081 0.435555 2.94854 3.1047
2.8 0.001626 33.914 0.361874 2.96616 2.63106
2.8 0.002168 34.6177 0.377102 3.00055 2.21762
2.8 0.00271 34.0815 0.350965 3.04673 1.86525
2.8 0.003252 31.0964 0.325954 3.09992 1.57287
2.8 0.003794 26.6358 0.27278 3.16906 1.33785
2.8 0.004336 24.8978 0.259295 3.24078 1.15632
2.8 0.004878 25.5972 0.264436 3.33756 1.0234
2.8 0.00542 25.7654 0.255077 3.43685 0.933548
2.8 0.005962 24.4989 0.25637 3.56689 0.880757
2.8 0.006504 21.6199 0.213275 3.7076 0.858793
2.8 0.007046 20.5604 0.219468 3.87786 0.861401
2.8 0.007588 21.0525 0.238799 4.05394 0.882484
2.8 0.00813 20.5498 0.229164 4.23656 0.916266
2.8 0.008672 19.8791 0.224635 4.45813 0.957428
2.8 0.009214 18.8251 0.252552 4.67616 1.00123
2.8 0.009756 17.4615 0.203041 4.8934 1.0436
2.8 0.010298 17.0521 0.202075 5.19522 1.08123
2.8 0.01084 17.4126 0.208464 5.5346 1.1116
2.8 0.011382 16.6042 0.205323 5.91194 1.13304
2.8 0.011924 15.2737 0.195546 6.34361 1.14472
2.8 0.012466 14.9052 0.2025 6.82134 1.14667
2.8 0.013008 14.328 0.198553 7.36047 1.13973
2.8 0.01355 14.4649 0.204234 7.97065 1.12552
2.8 0.014092 13.6803 0.203995 8.67229 1.10634
2.8 0.014634 13.0232 0.207493 9.45493 1.08513
2.8 0.015176 12.097 0.206513 10.3436 1.06532
2.8 0.015718 12.0223 0.214941 11.368 1.05071
2.8 0.01626 12.0305 0.228787 12.5144 1.04535
2.8 0.016802 11.4553 0.228123 13.9037 1.05335
2.8 0.017344 11.3318 0.256099 15.5095 1.07867
2.8 0.017886 10.9932 0.271982 17.2693 1.12497
2.8 0.018428 10.427 0.298372 19.3285 1.19532
2.8 0.01897 9.79278 0.308277 21.6771 1.29202
2.8 0.019512 9.89288 0.328884 24.6179 1.41628
3 0.001084 47.0566 0.60373 3.13033 3.35244
3 0.001626 40.8506 0.499371 3.15044 2.86699
3 0.002168 41.1471 0.507366 3.18528 2.43843
3 0.00271 40.6705 0.486703 3.22999 2.06945
3 0.003252 37.8557 0.462556 3.28678 1.76067
3 0.003794 31.8641 0.385472 3.35288 1.51089
3 0.004336 30.2789 0.372072 3.43452 1.31738
3 0.004878 30.2144 0.366541 3.52291 1.17615
3 0.00542 30.4458 0.35797 3.60808 1.08221
3 0.005962 28.5049 0.354898 3.76545 1.02982
3 0.006504 25.745 0.307408 3.88825 1.01273
3 0.007046 23.9139 0.300005 4.0661 1.02445
3 0.007588 25.1069 0.33769 4.23822 1.05838
3 0.00813 24.3878 0.316426 4.41781 1.10812
3 0.008672 22.9328 0.301487 4.63474 1.16754
3 0.009214 21.3689 0.356324 4.73356 1.23106
3 0.009756 20.4227 0.276741 5.05984 1.2937
3 0.010298 20.9252 0.279113 5.35213 1.35129
3 0.01084 20.387 0.281402 5.68746 1.40051
3 0.011382 19.9484 0.287301 6.04707 1.43901
3 0.011924 18.6107 0.275854 6.47575 1.46549
3 0.012466 17.6928 0.269453 6.94782 1.47966
3 0.013008 17.0957 0.27293 7.46792 1.48233
3 0.01355 17.6405 0.284704 8.07162 1.47534
3 0.014092 15.9344 0.272686 8.73929 1.46151
3 0.014634 15.8843 0.284437 9.49737 1.4446
3 0.015176 15.1308 0.285058 10.3549 1.42915
3 0.015718 14.7441 0.300032 11.3276 1.42035
3 0.01626 14.4294 0.312036 12.442 1.42387
3 0.016802 13.6507 0.295679 13.6989 1.44561
3 0.017344 14.0091 0.342382 15.3093 1.49149
3 0.017886 12.4281 0.338371 16.9942 1.56713
3 0.018428 12.4917 0.379639 18.9155 1.67752
3 0.01897 11.5285 0.380928 21.1522 1.82662
3 0.019512 11.8433 0.412841 23.8032 2.017
3.2 0.001084 57.4098 0.887821 3.59185 3.79499
3.2 0.001626 48.6611 0.713156 3.62327 3.23198
3.2 0.002168 50.6059 0.741552 3.65186 2.73758
3.2 0.00271 48.5585 0.716859 3.70322 2.31392
3.2 0.003252 45.4835 0.663774 3.76463 1.96078
3.2 0.003794 40.2885 0.59479 3.84145 1.67596
3.2 0.004336 37.3993 0.55122 3.9262 1.4556
3.2 0.004878 37.2764 0.555172 4.02304 1.29454
3.2 0.00542 36.9344 0.514517 4.17466 1.1866
3.2 0.005962 34.1719 0.509063 4.28842 1.1249
3.2 0.006504 32.134 0.460536 4.49231 1.10212
3.2 0.007046 30.6109 0.475491 4.62978 1.11077
3.2 0.007588 30.4016 0.469184 4.8613 1.14339
3.2 0.00813 28.7851 0.449957 5.03267 1.19281
3.2 0.008672 28.0072 0.444837 5.26614 1.25232
3.2 0.009214 27.1146 0.550638 5.51053 1.3158
3.2 0.009756 25.0833 0.415481 5.73435 1.37796
3.2 0.010298 24.7961 0.414001 6.04592 1.43435
3.2 0.01084 25.1434 0.425278 6.40633 1.48155
3.2 0.011382 24 0.407506 6.82633 1.51717
3.2 0.011924 22.851 0.404954 7.26578 1.53995
3.2 0.012466 21.4089 0.395889 7.75939 1.54974
3.2 0.013008 20.3878 0.388402 8.3528 1.54749
3.2 0.01355 21.4331 0.41375 8.97352 1.53524
3.2 0.014092 21.0148 0.423033 9.69335 1.51602
3.2 0.014634 19.1369 0.405221 10.5099 1.49377
3.2 0.015176 18.8757 0.411432 11.4161 1.4732
3.2 0.015718 18.2355 0.437534 12.4617 1.45962
3.2 0.01626 17.8533 0.428371 13.6253 1.45878
3.2 0.016802 18.1399 0.439744 15.1733 1.47659
3.2 0.017344 16.8436 0.490065 16.729 1.51892
3.2 0.017886 15.3216 0.476098 18.4901 1.59124
3.2 0.018428 15.5187 0.520983 20.5322 1.69835
3.2 0.01897 16.0483 0.562162 22.8606 1.84396
3.2 0.019512 15.6014 0.585342 25.9072 2.03032
3.4 0.001084 66.8643 1.20662 4.69148 4.15948
3.4 0.001626 60.0902 1.05401 4.72286 3.53097
3.4 0.002168 60.0943 1.02805 4.76507 2.98123
3.4 0.00271 56.11 1.0028 4.83735 2.51182
3.4 0.003252 51.8241 0.926695 4.90556 2.12172
3.4 0.003794 47.9506 0.81902 4.99866 1.80779
3.4 0.004336 45.6975 0.774383 5.11346 1.56516
3.4 0.004878 43.6089 0.771657 5.2439 1.38762
3.4 0.00542 42.8271 0.711182 5.38984 1.26796
3.4 0.005962 41.7298 0.745474 5.56315 1.19831
3.4 0.006504 36.8717 0.623433 5.75462 1.17043
3.4 0.007046 34.3304 0.628654 5.98305 1.17599
3.4 0.007588 36.6237 0.713405 6.29403 1.20684
3.4 0.00813 36.3243 0.690452 6.47003 1.25518
3.4 0.008672 33.018 0.618241 6.76799 1.31381
3.4 0.009214 32.5204 0.752908 7.11611 1.37627
3.4 0.009756 29.565 0.587465 7.35046 1.43697
3.4 0.010298 30.3345 0.599963 7.74637 1.49133
3.4 0.01084 29.349 0.599024 8.20508 1.53584
3.4 0.011382 27.2904 0.58009 8.71435 1.56813
3.4 0.011924 28.4947 0.619492 9.24923 1.58701
3.4 0.012466 26.5539 0.591404 9.8981 1.59243
3.4 0.013008 26.2668 0.597319 10.5962 1.5855
3.4 0.01355 24.2877 0.584208 11.3892 1.5684
3.4 0.014092 26.0443 0.639579 12.2652 1.54431
3.4 0.014634 24.861 0.585647 13.2546 1.51728
3.4 0.015176 23.1468 0.624544 14.3989 1.49212
3.4 0.015718 23.1603 0.644593 15.6012 1.47418
3.4 0.01626 22.1001 0.655411 17.0481 1.46916
3.4 0.016802 21.6305 0.652484 18.7953 1.48292
3.4 0.017344 21.0645 0.707566 20.7281 1.52116
3.4 0.017886 21.0449 0.777553 22.8655 1.58916
3.4 0.018428 19.2279 0.790519 25.2791 1.69142
3.4 0.01897 19.1709 0.857607 28.0654 1.83137
3.4 0.019512 17.7882 0.816012 31.3651 2.01093
3.6 0.001084 72.9109 1.79453 4.93985 3.78452
3.6 0.001626 69.0507 1.66628 4.9726 3.2193
3.6 0.002168 67.2801 1.67054 5.01567 2.72367
3.6 0.00271 69.8496 1.7 5.08965 2.29951
3.6 0.003252 62.3913 1.49754 5.14784 1.94634
3.6 0.003794 57.9024 1.4424 5.26137 1.66173
3.6 0.004336 52.7314 1.27155 5.36508 1.44162
3.6 0.004878 51.1432 1.27772 5.4904 1.28066
3.6 0.00542 50.3745 1.21463 5.60062 1.17258
3.6 0.005962 48.4219 1.26272 5.8198 1.11038
3.6 0.006504 45.8112 1.14517 5.94442 1.0867
3.6 0.007046 41.8458 1.04704 6.24985 1.09403
3.6 0.007588 42.4986 1.20935 6.41874 1.12495
3.6 0.00813 41.0875 1.14848 6.73603 1.17231
3.6 0.008672 40.8295 1.03108 7.04598 1.22948
3.6 0.009214 39.7757 1.25307 7.31843 1.29044
3.6 0.009756 35.7352 1.00181 7.60907 1.34997
3.6 0.010298 34.0864 1.01041 8.04503 1.40375
3.6 0.01084 34.6954 0.993917 8.49251 1.44844
3.6 0.011382 34.3442 1.00378 9.04539 1.48174
3.6 0.011924 31.846 0.963432 9.54899 1.50245
3.6 0.012466 31.0784 0.967316 10.1953 1.51046
3.6 0.013008 30.1054 0.92565 10.9114 1.50674
3.6 0.01355 30.8737 0.946603 11.6714 1.49332
3.6 0.014092 29.1042 1.04085 12.5855 1.47315
3.6 0.014634 28.1993 0.979225 13.6065 1.45009
3.6 0.015176 28.5135 1.01421 14.6707 1.42871
3.6 0.015718 27.3703 1.03734 16.0029 1.41416
3.6 0.01626 26.3427 1.01232 17.2777 1.41197
3.6 0.016802 25.2193 1.06008 18.8235 1.42784
3.6 0.017344 26.072 1.11124 20.8717 1.46736
3.6 0.017886 25.0326 1.09842 22.8739 1.53576
3.6 0.018428 24.0039 1.17287 25.3954 1.63759
3.6 0.01897 24.4712 1.2705 28.1445 1.77632
3.6 0.019512 25.5533 1.43975 30.9434 1.95401
3.8 0.001084 87.6711 3.33874 5.24071 3.68523
3.8 0.001626 84.451 3.25618 5.28591 3.16571
3.8 0.002168 88.5912 3.41257 5.34324 2.7043
3.8 0.00271 75.4221 2.94115 5.38512 2.30494
3.8 0.003252 73.6491 3.06564 5.47915 1.96927
3.8 0.003794 72.8752 2.69868 5.56404 1.69687
3.8 0.004336 64.5885 2.49683 5.69905 1.48551
3.8 0.004878 58.3808 2.2908 5.83124 1.33151
3.8 0.00542 61.2556 2.34918 5.95792 1.22991
3.8 0.005962 60.283 2.32915 6.22568 1.17483
3.8 0.006504 55.1476 2.18836 6.38102 1.15965
3.8 0.007046 51.7574 2.14833 6.66063 1.17736
3.8 0.007588 50.9008 2.20601 6.93833 1.22073
3.8 0.00813 49.8802 2.0903 7.20077 1.2826
3.8 0.008672 44.7375 1.83702 7.49297 1.35606
3.8 0.009214 44.9235 2.29216 7.55757 1.43468
3.8 0.009756 44.6213 1.87727 8.13056 1.51272
3.8 0.010298 44.24 2.02272 8.55727 1.58523
3.8 0.01084 41.6476 1.70459 9.07137 1.64826
3.8 0.011382 39.7706 1.97497 9.62761 1.69893
3.8 0.011924 39.5996 1.79036 10.2172 1.73556
3.8 0.012466 40.2051 1.89401 10.8497 1.75769
3.8 0.013008 37.3298 1.73603 11.6994 1.76614
3.8 0.01355 38.2443 1.86882 12.4679 1.76299
3.8 0.014092 40.2987 2.04658 13.3962 1.75153
3.8 0.014634 35.0794 1.90621 14.5703 1.7362
3.8 0.015176 34.0175 1.85272 15.647 1.72244
3.8 0.015718 37.923 2.04287 17.1171 1.71655
3.8 0.01626 32.6387 1.9256 18.4907 1.72546
3.8 0.016802 29.5806 1.73033 20.222 1.75649
3.8 0.017344 31.3718 1.94013 22.3149 1.81699
3.8 0.017886 32.568 2.27519 24.4074 1.91408
3.8 0.018428 34.3236 2.28522 27.1511 2.0541
3.8 0.01897 34.6785 2.28499 29.7921 2.24228
3.8 0.019512 30.2034 2.07428 33.1313 2.48208
4 0.001084 105.491 6.1043 6.36208 4.57672
4 0.001626 110.64 6.72045 6.45435 3.97898
4 0.002168 90.1006 5.42939 6.50774 3.43855
4 0.00271 90.938 5.51083 6.59538 2.96361
4 0.003252 86.182 4.34997 6.72262 2.55939
4 0.003794 75.932 4.41175 6.86799 2.22837
4 0.004336 75.6438 4.26764 7.03878 1.97048
4 0.004878 76.4692 4.5867 7.19902 1.78341
4 0.00542 74.7513 4.16575 7.47518 1.66286
4 0.005962 73.4573 4.31474 7.71158 1.60286
4 0.006504 64.696 3.64206 7.95354 1.59613
4 0.007046 54.6413 3.43824 8.37499 1.63437
4 0.007588 57.355 3.86085 8.81358 1.70863
4 0.00813 58.372 3.48646 9.14075 1.80966
4 0.008672 58.5115 3.88074 9.57242 1.92823
4 0.009214 48.2564 3.32077 9.90629 2.05549
4 0.009756 55.9646 3.38936 10.5427 2.18324
4 0.010298 56.1248 3.4917 11.0447 2.30425
4 0.01084 53.7113 3.46886 11.9952 2.41252
4 0.011382 52.1839 3.35988 12.6133 2.50349
4 0.011924 50.6089 3.38586 13.5354 2.57428
4 0.012466 43.5494 3.19097 14.5512 2.6238
4 0.013008 45.8175 3.52496 15.7039 2.65284
4 0.01355 48.7686 3.29302 17.2035 2.66418
4 0.014092 38.0917 3.0639 18.1266 2.66252
4 0.014634 44.7038 3.80824 20.0589 2.65443
4 0.015176 41.2378 3.32695 21.8834 2.6482
4 0.015718 43.5506 3.25442 23.9935 2.65361
4 0.01626 43.6109 3.67684 26.21 2.68166
4 0.016802 48.3099 4.01255 29.1754 2.74412
4 0.017344 39.2841 3.77726 32.1476 2.85312
4 0.017886 51.292 4.41719 35.9798 3.02052
4 0.018428 44.1357 4.34845 39.8216 3.25725
4 0.01897 39.3316 4.38586 44.4738 3.57254
4 0.019512 42.5366 5.14944 50.8914 3.97297
4.2 0.001084 135.392 10.4055 6.15646 3.37988
4.2 0.001626 110.324 9.03288 6.16801 2.91954
4.2 0.002168 124.255 8.51098 6.25932 2.50743
4.2 0.00271 118.33 8.57383 6.37254 2.14831
4.2 0.003252 96.689 7.5067 6.59116 1.84476
4.2 0.003794 102.1 8.09968 6.65837 1.59739
4.2 0.004336 103.89 8.06327 6.84235 1.40511
4.2 0.004878 104.223 7.20583 7.05251 1.26529
4.2 0.00542 89.2571 7.03601 7.28972 1.17402
4.2 0.005962 70.05 5.22974 7.44933 1.12636
4.2 0.006504 81.318 6.75617 7.88392 1.11656
4.2 0.007046 75.0163 5.93104 8.16096 1.13832
4.2 0.007588 76.2652 5.82753 8.72067 1.18503
4.2 0.00813 79.0853 6.06245 9.05237 1.25
4.2 0.008672 71.4591 5.75979 9.44547 1.32666
4.2 0.009214 84.5193 8.31308 10.6686 1.40884
4.2 0.009756 73.8474 5.94117 10.445 1.49088
4.2 0.010298 66.6827 5.78321 11.1166 1.56791
4.2 0.01084 63.1344 6.27233 11.9224 1.6359
4.2 0.011382 52.2072 4.69653 12.7956 1.69191
4.2 0.011924 68.5668 6.64125 13.8349 1.7341
4.2 0.012466 63.7454 6.62097 14.9555 1.76188
4.2 0.013008 58.6259 5.3142 16.1776 1.77594
4.2 0.01355 55.2849 6.13053 17.5678 1.77823
4.2 0.014092 53.4202 4.94962 18.9253 1.77199
4.2 0.014634 55.6727 5.59466 20.7181 1.76165
4.2 0.015176 54.9833 5.48053 22.8546 1.75272
4.2 0.015718 48.7356 5.12709 25.3026 1.75165
4.2 0.01626 58.1318 6.10483 27.698 1.76559
4.2 0.016802 49.0576 6.67989 31.5207 1.80218
4.2 0.017344 55.6008 6.05085 35.077 1.86918
4.2 0.017886 46.6831 6.43962 38.5055 1.97413
4.2 0.018428 63.0231 8.26358 42.6539 2.12391
4.2 0.01897 43.9821 6.24097 48.9121 2.32421
4.2 0.019512 55.0749 7.8045 55.669 2.57902
4.4 0.001084 152.665 13.3022 7.09164 3.58035
4.4 0.001626 116.254 11.1363 7.06106 3.08935
4.4 0.002168 118.343 11.6408 7.24834 2.65051
4.4 0.00271 110.889 10.8051 7.30592 2.2686
4.4 0.003252 117.239 13.1746 7.45432 1.94614
4.4 0.003794 91.0629 8.93936 7.61143 1.6836
4.4 0.004336 101.493 10.0895 7.86453 1.47959
4.4 0.004878 94.1937 10.8544 7.95857 1.33118
4.4 0.00542 95.5208 9.5904 8.32344 1.2341
4.4 0.005962 93.63 9.22251 8.74321 1.18302
4.4 0.006504 80.5855 8.54189 9.10308 1.17178
4.4 0.007046 92.6439 8.77921 9.3544 1.19368
4.4 0.007588 86.2514 11.515 9.75625 1.24172
4.4 0.00813 79.1427 9.12291 10.0065 1.30883
4.4 0.008672 67.8403 6.75662 10.5352 1.38811
4.4 0.009214 78.578 10.1782 11.3446 1.47307
4.4 0.009756 79.4726 7.83541 11.8973 1.55781
4.4 0.010298 76.7504 9.5235 12.3336 1.63722
4.4 0.01084 71.4248 8.20363 13.1831 1.70713
4.4 0.011382 69.9042 7.19429 14.2069 1.76447
4.4 0.011924 63.6759 8.03954 15.1645 1.80738
4.4 0.012466 70.4621 8.51545 16.4178 1.83526
4.4 0.013008 69.3075 9.572 17.5401 1.84884
4.4 0.01355 65.1564 7.38391 19.3681 1.85019
4.4 0.014092 62.9284 7.37354 20.4314 1.84269
4.4 0.014634 49.9618 6.87238 23.2739 1.83097
4.4 0.015176 60.6144 8.11676 24.4258 1.82074
4.4 0.015718 47.4407 7.25202 27.658 1.81871
4.4 0.01626 58.4054 9.12759 30.1321 1.83228
4.4 0.016802 48.3921 6.98011 33.2567 1.86934
4.4 0.017344 58.6072 9.03694 37.0322 1.93793
4.4 0.017886 58.8483 8.60197 41.2219 2.0458
4.4 0.018428 34.3335 6.74524 45.8165 2.20002
4.4 0.01897 68.9081 11.3415 51.2937 2.40645
4.4 0.019512 36.2717 8.53382 59.0585 2.66912
4.6 0.001084 217.705 24.7649 8.05874 3.15731
4.6 0.001626 162.19 21.8015 7.88056 2.66742
4.6 0.002168 160.358 21.1845 8.06385 2.24133
4.6 0.00271 147.086 24.9276 8.41814 1.87934
4.6 0.003252 130.04 19.4781 8.42692 1.57981
4.6 0.003794 129.092 17.9863 8.50613 1.33955
4.6 0.004336 115.659 17.9035 8.86417 1.15415
4.6 0.004878 93.9621 12.8467 8.49794 1.01825
4.6 0.00542 112.392 17.1153 9.12526 0.925904
4.6 0.005962 134.639 26.7469 9.6321 0.87076
4.6 0.006504 134.006 18.867 10.1578 0.846326
4.6 0.007046 60.2407 8.95209 10.3183 0.846163
4.6 0.007588 100.799 16.4187 10.9126 0.86407
4.6 0.00813 82.2166 11.844 11.282 0.894232
4.6 0.008672 81.2195 9.48098 11.5216 0.931353
4.6 0.009214 81.026 15.8418 12.5409 0.970766
4.6 0.009756 89.6218 13.5595 12.8887 1.00852
4.6 0.010298 69.023 9.58764 13.5216 1.04142
4.6 0.01084 51.2752 10.1155 14.2777 1.0671
4.6 0.011382 82.2057 14.0417 15.4898 1.08405
4.6 0.011924 53.6655 10.7018 16.6796 1.09154
4.6 0.012466 71.511 13.4772 17.4727 1.08971
4.6 0.013008 72.2149 12.881 18.9312 1.07944
4.6 0.01355 56.3471 12.9065 20.8792 1.06235
4.6 0.014092 63.7564 11.321 22.0109 1.04067
4.6 0.014634 49.6679 11.0726 24.0418 1.0172
4.6 0.015176 62.4012 14.8331 25.7854 0.995166
4.6 0.015718 80.8356 12.0847 27.7349 0.978107
4.6 0.01626 71.101 13.6214 30.9032 0.969718
4.6 0.016802 78.9885 16.3782 34.8318 0.9737
4.6 0.017344 72.0648 11.9126 37.813 0.993587
4.6 0.017886 50.7051 11.7418 41.4172 1.03255
4.6 0.018428 52.0195 11.252 45.802 1.09322
4.6 0.01897 62.3186 12.2265 52.6154 1.17742
4.6 0.019512 34.7655 11.3956 59.2949 1.286
