|   z |           k |        P_ks |        P_xq |      P_metal |       P_fid |    estat_ks |    estat_xq | estat_metal | esyst_res_ks | esyst_res_xq |   esyst_dla |  esyst_cont | esyst_metal |
| 1.8 | 1.10000e-03 | 1.75894e+01 |         nan |  1.05385e+01 | 2.01827e+01 | 1.22460e+00 |         nan | 5.36806e+00 |  7.32868e-05 |          nan | 6.39393e-02 | 1.79399e+00 | 2.77555e-01 |
| 1.8 | 3.30000e-03 | 1.32858e+01 |         nan |  1.24644e+00 | 1.46780e+01 | 1.22010e+00 |         nan | 4.90279e-01 |  4.79688e-04 |          nan | 6.56264e-03 | 6.94393e-02 | 1.83320e-01 |
| 1.8 | 5.50000e-03 | 9.75674e+00 |         nan |  6.59740e-01 | 1.10717e+01 | 7.37026e-01 |         nan | 3.81518e-01 |  1.00508e-03 |          nan | 3.85816e-03 | 8.71156e-03 | 1.30987e-01 |
| 1.8 | 7.70000e-03 | 8.70914e+00 |         nan |  4.68451e-01 | 8.73778e+00 | 7.13617e-01 |         nan | 2.40777e-01 |  1.55470e-03 |          nan | 2.96341e-03 | 3.66458e-03 | 9.98845e-02 |
| 1.8 | 9.93927e-03 | 7.87858e+00 |         nan |  5.07641e-01 | 7.08174e+00 | 5.72327e-01 |         nan | 2.03504e-01 |  2.09948e-03 |          nan | 2.03031e-03 | 5.10070e-03 | 7.92038e-02 |
| 1.8 | 1.25128e-02 | 6.30054e+00 |         nan |  2.62206e-01 | 5.70843e+00 | 4.12570e-01 |         nan | 1.67917e-01 |  2.68218e-03 |          nan | 1.51853e-03 | 1.62278e-03 | 6.30095e-02 |
| 1.8 | 1.57527e-02 | 4.67435e+00 |         nan |  2.21100e-01 | 4.46965e+00 | 2.71386e-01 |         nan | 1.01748e-01 |  3.32847e-03 |          nan | 1.21957e-03 | 9.31037e-04 | 4.92086e-02 |
| 1.8 | 1.98315e-02 | 3.30980e+00 |         nan |  1.14507e-01 | 3.37938e+00 | 1.77789e-01 |         nan | 6.13417e-02 |  3.98849e-03 |          nan | 9.23547e-04 | 4.98139e-04 | 3.77268e-02 |
| 1.8 | 2.49663e-02 | 2.79103e+00 |         nan |  1.33650e-01 | 2.44829e+00 | 1.38292e-01 |         nan | 7.12220e-02 |  4.57968e-03 |          nan | 6.22392e-04 | 5.51762e-04 | 2.83945e-02 |
| 1.8 | 3.14307e-02 | 1.88022e+00 |         nan |  9.04113e-02 | 1.68442e+00 | 7.99354e-02 |         nan | 3.10768e-02 |  4.99368e-03 |          nan | 4.20457e-04 | 1.09252e-04 | 2.09795e-02 |
| 1.8 | 3.95689e-02 | 1.30703e+00 |         nan |  1.16831e-01 | 1.09083e+00 | 5.27163e-02 |         nan | 4.57173e-02 |  5.12540e-03 |          nan | 2.82278e-04 | 3.08056e-05 | 1.52170e-02 |
| 1.8 | 4.98144e-02 | 9.37194e-01 |         nan |  5.89863e-02 | 6.60648e-01 | 3.77613e-02 |         nan | 2.13470e-02 |  4.91972e-03 |          nan | 1.62953e-04 | 2.92829e-05 | 1.08352e-02 |
| 1.8 | 6.27126e-02 | 5.59395e-01 |         nan |  2.89869e-02 | 3.73447e-01 | 2.44969e-02 |         nan | 1.37598e-02 |  4.40760e-03 |          nan | 9.48442e-05 | 1.40891e-05 | 7.57394e-03 |
| 1.8 | 7.89504e-02 | 3.62825e-01 |         nan |  2.96895e-02 | 1.97673e-01 | 2.13946e-02 |         nan | 1.08988e-02 |  3.69759e-03 |          nan | 4.79606e-05 | 3.64764e-06 | 5.19734e-03 |
| 1.8 | 9.93927e-02 | 1.99459e-01 |         nan |  1.60535e-02 | 9.86953e-02 | 1.44300e-02 |         nan | 7.50323e-03 |  2.92596e-03 |          nan | 2.61919e-05 | 1.35229e-06 | 3.50118e-03 |
| 1.8 | 1.25128e-01 | 1.26912e-01 |         nan |  8.32904e-03 | 4.69045e-02 | 1.00750e-02 |         nan | 4.89412e-03 |  2.20387e-03 |          nan | 1.29307e-05 | 7.60540e-07 | 2.31539e-03 |
| 1.8 | 1.57527e-01 | 7.18746e-02 |         nan |  2.50783e-03 | 2.14044e-02 | 7.24874e-03 |         nan | 3.41368e-03 |  1.59395e-03 |          nan | 7.20989e-06 | 2.32883e-07 | 1.50317e-03 |
| 1.8 | 1.98315e-01 | 4.49730e-02 |         nan |  2.76426e-03 | 9.44754e-03 | 5.95660e-03 |         nan | 2.76219e-03 |  1.11504e-03 |          nan | 3.79653e-06 | 5.41169e-08 | 9.58000e-04 |
| 1.8 | 2.49663e-01 | 2.50367e-02 |         nan |  2.60123e-03 | 4.05549e-03 | 3.53372e-03 |         nan | 2.39879e-03 |  7.58604e-04 |          nan | 1.98839e-06 | 3.46500e-08 | 5.99376e-04 |
| 1.8 | 3.14307e-01 | 1.68477e-02 |         nan |  1.90037e-03 | 1.69966e-03 | 3.36635e-03 |         nan | 2.01004e-03 |  5.03888e-04 |          nan | 8.46118e-07 | 6.41539e-09 | 3.68135e-04 |
| 1.8 | 3.95690e-01 | 8.12544e-03 |         nan |  1.47065e-03 | 6.97297e-04 | 1.32001e-03 |         nan | 2.08033e-03 |  3.27634e-04 |          nan | 2.65311e-07 | 4.67421e-09 | 2.21968e-04 |
| 2.0 | 1.10000e-03 | 2.16692e+01 |         nan |  3.47604e+00 | 2.47915e+01 | 1.68431e+00 |         nan | 1.65836e+00 |  8.47972e-05 |          nan | 7.85403e-02 | 2.20365e+00 | 2.82695e-01 |
| 2.0 | 3.30000e-03 | 1.99005e+01 |         nan |  2.46327e+00 | 1.84664e+01 | 1.47578e+00 |         nan | 8.44918e-01 |  5.68464e-04 |          nan | 8.25645e-03 | 8.73616e-02 | 1.86511e-01 |
| 2.0 | 5.50000e-03 | 1.37584e+01 |         nan |  1.01379e+00 | 1.40852e+01 | 8.90526e-01 |         nan | 5.13956e-01 |  1.20442e-03 |          nan | 4.90825e-03 | 1.10826e-02 | 1.33200e-01 |
| 2.0 | 7.70000e-03 | 1.25649e+01 |         nan |  8.59239e-01 | 1.11977e+01 | 8.14418e-01 |         nan | 2.69277e-01 |  1.87674e-03 |          nan | 3.79770e-03 | 4.69627e-03 | 1.01538e-01 |
| 2.0 | 9.93927e-03 | 9.93243e+00 |         nan |  1.16944e+00 | 9.12606e+00 | 6.20454e-01 |         nan | 4.02763e-01 |  2.54850e-03 |          nan | 2.61641e-03 | 6.57314e-03 | 8.04941e-02 |
| 2.0 | 1.25128e-02 | 7.87902e+00 |         nan |  1.46286e+00 | 7.39328e+00 | 4.82963e-01 |         nan | 4.62787e-01 |  3.27219e-03 |          nan | 1.96673e-03 | 2.10174e-03 | 6.40213e-02 |
| 2.0 | 1.57527e-02 | 7.29014e+00 |         nan |  5.86582e-01 | 5.81798e+00 | 3.31195e-01 |         nan | 1.48459e-01 |  4.08108e-03 |          nan | 1.58747e-03 | 1.21190e-03 | 4.99873e-02 |
| 2.0 | 1.98315e-02 | 4.86623e+00 |         nan |  2.40499e-01 | 4.42093e+00 | 2.55870e-01 |         nan | 7.18759e-02 |  4.91488e-03 |          nan | 1.20819e-03 | 6.51669e-04 | 3.83151e-02 |
| 2.0 | 2.49663e-02 | 4.08428e+00 |         nan |  3.21237e-01 | 3.21897e+00 | 1.79340e-01 |         nan | 7.02872e-02 |  5.67176e-03 |          nan | 8.18311e-04 | 7.25448e-04 | 2.88307e-02 |
| 2.0 | 3.14307e-02 | 2.68864e+00 |         nan |  1.64851e-01 | 2.22578e+00 | 1.07770e-01 |         nan | 3.48271e-02 |  6.21560e-03 |          nan | 5.55590e-04 | 1.44365e-04 | 2.12968e-02 |
| 2.0 | 3.95689e-02 | 1.88417e+00 |         nan |  1.88333e-01 | 1.44866e+00 | 6.80936e-02 |         nan | 3.92713e-02 |  6.41164e-03 |          nan | 3.74875e-04 | 4.09110e-05 | 1.54436e-02 |
| 2.0 | 4.98144e-02 | 1.07795e+00 |         nan |  1.26116e-01 | 8.81775e-01 | 3.78925e-02 |         nan | 2.27919e-02 |  6.18528e-03 |          nan | 2.17495e-04 | 3.90843e-05 | 1.09941e-02 |
| 2.0 | 6.27126e-02 | 6.55929e-01 |         nan |  7.34059e-02 | 5.00950e-01 | 2.41353e-02 |         nan | 1.47869e-02 |  5.56924e-03 |          nan | 1.27226e-04 | 1.88994e-05 | 7.68322e-03 |
| 2.0 | 7.89504e-02 | 3.35221e-01 |         nan |  6.09117e-02 | 2.66496e-01 | 1.43606e-02 |         nan | 1.18160e-02 |  4.69560e-03 |          nan | 6.46588e-05 | 4.91762e-06 | 5.27112e-03 |
| 2.0 | 9.93927e-02 | 1.84745e-01 |         nan |  3.92647e-02 | 1.33727e-01 | 1.40806e-02 |         nan | 8.33919e-03 |  3.73439e-03 |          nan | 3.54885e-05 | 1.83228e-06 | 3.55007e-03 |
| 2.0 | 1.25128e-01 | 1.06928e-01 |         nan |  3.40016e-02 | 6.38724e-02 | 7.28745e-03 |         nan | 7.66759e-03 |  2.82693e-03 |          nan | 1.76085e-05 | 1.03567e-06 | 2.34718e-03 |
| 2.0 | 1.57527e-01 | 6.10921e-02 |         nan |  2.49671e-02 | 2.92940e-02 | 5.39382e-03 |         nan | 4.21551e-03 |  2.05485e-03 |          nan | 9.86746e-06 | 3.18724e-07 | 1.52346e-03 |
| 2.0 | 1.98315e-01 | 3.91747e-02 |         nan |  1.42444e-02 | 1.29949e-02 | 7.16822e-03 |         nan | 3.55164e-03 |  1.44469e-03 |          nan | 5.22206e-06 | 7.44367e-08 | 9.70709e-04 |
| 2.0 | 2.49663e-01 | 1.97688e-02 |         nan |  9.48647e-03 | 5.60630e-03 | 2.71632e-03 |         nan | 2.83718e-03 |  9.87820e-04 |          nan | 2.74874e-06 | 4.79000e-08 | 6.07188e-04 |
| 2.0 | 3.14307e-01 | 1.07807e-02 |         nan |  6.18761e-03 | 2.36141e-03 | 2.37665e-03 |         nan | 1.88723e-03 |  6.59436e-04 |          nan | 1.17555e-06 | 8.91320e-09 | 3.72848e-04 |
| 2.0 | 3.95690e-01 | 6.06186e-03 |         nan |  4.97374e-03 | 9.73657e-04 | 1.56727e-03 |         nan | 2.14072e-03 |  4.30932e-04 |          nan | 3.70462e-07 | 6.52675e-09 | 2.24758e-04 |
| 2.2 | 1.10000e-03 | 2.80758e+01 |         nan |  8.25159e+00 | 3.00511e+01 | 2.33304e+00 |         nan | 2.06607e+00 |  1.06843e-04 |          nan | 9.52028e-02 | 2.67116e+00 | 2.87590e-01 |
| 2.2 | 3.30000e-03 | 1.94114e+01 |         nan |  3.82264e+00 | 2.28908e+01 | 1.28264e+00 |         nan | 7.07819e-01 |  7.32468e-04 |          nan | 1.02346e-02 | 1.08292e-01 | 1.89547e-01 |
| 2.2 | 5.50000e-03 | 1.72121e+01 |         nan |  2.14248e+00 | 1.76424e+01 | 1.12862e+00 |         nan | 3.97369e-01 |  1.56814e-03 |          nan | 6.14785e-03 | 1.38816e-02 | 1.35303e-01 |
| 2.2 | 7.70000e-03 | 1.33330e+01 |         nan |  1.53670e+00 | 1.41222e+01 | 8.42961e-01 |         nan | 2.66300e-01 |  2.46028e-03 |          nan | 4.78954e-03 | 5.92279e-03 | 1.03109e-01 |
| 2.2 | 9.93927e-03 | 1.15591e+01 |         nan |  1.99280e+00 | 1.15695e+01 | 7.48715e-01 |         nan | 2.84359e-01 |  3.35834e-03 |          nan | 3.31694e-03 | 8.33307e-03 | 8.17201e-02 |
| 2.2 | 1.25128e-02 | 9.80935e+00 |         nan |  1.54151e+00 | 9.41687e+00 | 5.09598e-01 |         nan | 2.73779e-01 |  4.33228e-03 |          nan | 2.50503e-03 | 2.67700e-03 | 6.49825e-02 |
| 2.2 | 1.57527e-02 | 7.67814e+00 |         nan |  9.69967e-01 | 7.44524e+00 | 3.84800e-01 |         nan | 1.35086e-01 |  5.42860e-03 |          nan | 2.03147e-03 | 1.55086e-03 | 5.07269e-02 |
| 2.2 | 1.98315e-02 | 5.64258e+00 |         nan |  5.84266e-01 | 5.68404e+00 | 2.58672e-01 |         nan | 1.02695e-01 |  6.56852e-03 |          nan | 1.55339e-03 | 8.37858e-04 | 3.88736e-02 |
| 2.2 | 2.49663e-02 | 4.38091e+00 |         nan |  5.61375e-01 | 4.15813e+00 | 1.88725e-01 |         nan | 7.50482e-02 |  7.61568e-03 |          nan | 1.05706e-03 | 9.37103e-04 | 2.92447e-02 |
| 2.2 | 3.14307e-02 | 2.94574e+00 |         nan |  2.61508e-01 | 2.88869e+00 | 1.06288e-01 |         nan | 4.72969e-02 |  8.38512e-03 |          nan | 7.21061e-04 | 1.87362e-04 | 2.15980e-02 |
| 2.2 | 3.95689e-02 | 2.00912e+00 |         nan |  1.99249e-01 | 1.88896e+00 | 7.22116e-02 |         nan | 3.30703e-02 |  8.69024e-03 |          nan | 4.88812e-04 | 5.33451e-05 | 1.56587e-02 |
| 2.2 | 4.98144e-02 | 1.23028e+00 |         nan |  1.40954e-01 | 1.15518e+00 | 4.44126e-02 |         nan | 1.89817e-02 |  8.42288e-03 |          nan | 2.84932e-04 | 5.12029e-05 | 1.11448e-02 |
| 2.2 | 6.27126e-02 | 7.03803e-01 |         nan |  9.88797e-02 | 6.59363e-01 | 2.45484e-02 |         nan | 1.41950e-02 |  7.61964e-03 |          nan | 1.67458e-04 | 2.48758e-05 | 7.78687e-03 |
| 2.2 | 7.89504e-02 | 4.12238e-01 |         nan |  6.54136e-02 | 3.52418e-01 | 1.53287e-02 |         nan | 9.58273e-03 |  6.45456e-03 |          nan | 8.55056e-05 | 6.50312e-06 | 5.34108e-03 |
| 2.2 | 9.93927e-02 | 1.93184e-01 |         nan |  4.37989e-02 | 1.77673e-01 | 9.97372e-03 |         nan | 5.62749e-03 |  5.15740e-03 |          nan | 4.71511e-05 | 2.43442e-06 | 3.59642e-03 |
| 2.2 | 1.25128e-01 | 1.00396e-01 |         nan |  3.25519e-02 | 8.52618e-02 | 7.00762e-03 |         nan | 4.89474e-03 |  3.92251e-03 |          nan | 2.35051e-05 | 1.38249e-06 | 2.37731e-03 |
| 2.2 | 1.57527e-01 | 5.32164e-02 |         nan |  2.01755e-02 | 3.92878e-02 | 4.64728e-03 |         nan | 3.23662e-03 |  2.86462e-03 |          nan | 1.32338e-05 | 4.27458e-07 | 1.54269e-03 |
| 2.2 | 1.98315e-01 | 3.08562e-02 |         nan |  1.42184e-02 | 1.75101e-02 | 3.91062e-03 |         nan | 2.25745e-03 |  2.02348e-03 |          nan | 7.03651e-06 | 1.00301e-07 | 9.82750e-04 |
| 2.2 | 2.49663e-01 | 1.75200e-02 |         nan |  6.77818e-03 | 7.58978e-03 | 2.64451e-03 |         nan | 1.52745e-03 |  1.39008e-03 |          nan | 3.72123e-06 | 6.48468e-08 | 6.14588e-04 |
| 2.2 | 3.14307e-01 | 9.85943e-03 |         nan |  2.81485e-03 | 3.21190e-03 | 2.05246e-03 |         nan | 7.98536e-04 |  9.32336e-04 |          nan | 1.59894e-06 | 1.21234e-08 | 3.77311e-04 |
| 2.2 | 3.95690e-01 | 6.28415e-03 |         nan |  2.76690e-05 | 1.33056e-03 | 1.25298e-03 |         nan | 7.26891e-04 |  6.12128e-04 |          nan | 5.06257e-07 | 8.91916e-09 | 2.27400e-04 |
| 2.4 | 1.10000e-03 | 3.25142e+01 |         nan |  4.03467e+00 | 3.60040e+01 | 2.32275e+00 |         nan | 1.08013e+00 |  1.43047e-04 |          nan | 1.14062e-01 | 3.20030e+00 | 2.92265e-01 |
| 2.4 | 3.30000e-03 | 2.53837e+01 |         nan |  2.48687e+00 | 2.80079e+01 | 1.69055e+00 |         nan | 5.09999e-01 |  1.00150e-03 |          nan | 1.25225e-02 | 1.32501e-01 | 1.92443e-01 |
| 2.4 | 5.50000e-03 | 1.89986e+01 |         nan |  1.07923e+00 | 2.17984e+01 | 1.25245e+00 |         nan | 2.37570e-01 |  2.16518e-03 |          nan | 7.59607e-03 | 1.71516e-02 | 1.37309e-01 |
| 2.4 | 7.70000e-03 | 1.83950e+01 |         nan |  9.99214e-01 | 1.75617e+01 | 1.31249e+00 |         nan | 2.09071e-01 |  3.41894e-03 |          nan | 5.95602e-03 | 7.36527e-03 | 1.04606e-01 |
| 2.4 | 9.93927e-03 | 1.50065e+01 |         nan |  9.94654e-01 | 1.44577e+01 | 1.00615e+00 |         nan | 1.49937e-01 |  4.68976e-03 |          nan | 4.14498e-03 | 1.04133e-02 | 8.28888e-02 |
| 2.4 | 1.25128e-02 | 1.17925e+01 |         nan |  9.89836e-01 | 1.18196e+01 | 6.65924e-01 |         nan | 1.64524e-01 |  6.07656e-03 |          nan | 3.14420e-03 | 3.36006e-03 | 6.58985e-02 |
| 2.4 | 1.57527e-02 | 9.54189e+00 |         nan |  6.23673e-01 | 9.38619e+00 | 5.25643e-01 |         nan | 9.40928e-02 |  7.64788e-03 |          nan | 2.56107e-03 | 1.95516e-03 | 5.14316e-02 |
| 2.4 | 1.98315e-02 | 7.06047e+00 |         nan |  3.26237e-01 | 7.19750e+00 | 3.35363e-01 |         nan | 6.14722e-02 |  9.29468e-03 |          nan | 1.96700e-03 | 1.06095e-03 | 3.94057e-02 |
| 2.4 | 2.49663e-02 | 5.76092e+00 |         nan |  4.66670e-01 | 5.28855e+00 | 2.47307e-01 |         nan | 6.77710e-02 |  1.08240e-02 |          nan | 1.34443e-03 | 1.19186e-03 | 2.96390e-02 |
| 2.4 | 3.14307e-02 | 3.66882e+00 |         nan |  2.10716e-01 | 3.69022e+00 | 1.42151e-01 |         nan | 2.94070e-02 |  1.19703e-02 |          nan | 9.21137e-04 | 2.39350e-04 | 2.18848e-02 |
| 2.4 | 3.95689e-02 | 2.59972e+00 |         nan |  2.55677e-01 | 2.42375e+00 | 9.20002e-02 |         nan | 5.18792e-02 |  1.24606e-02 |          nan | 6.27203e-04 | 6.84480e-05 | 1.58634e-02 |
| 2.4 | 4.98144e-02 | 1.63136e+00 |         nan |  1.72966e-01 | 1.48878e+00 | 6.00963e-02 |         nan | 2.22683e-02 |  1.21306e-02 |          nan | 3.67216e-04 | 6.59893e-05 | 1.12882e-02 |
| 2.4 | 6.27126e-02 | 8.71805e-01 |         nan |  1.16132e-01 | 8.53527e-01 | 2.89611e-02 |         nan | 1.41167e-02 |  1.10222e-02 |          nan | 2.16770e-04 | 3.22011e-05 | 7.88551e-03 |
| 2.4 | 7.89504e-02 | 4.40994e-01 |         nan |  8.66443e-02 | 4.58210e-01 | 1.90547e-02 |         nan | 1.13372e-02 |  9.37816e-03 |          nan | 1.11173e-04 | 8.45529e-06 | 5.40765e-03 |
| 2.4 | 9.93927e-02 | 2.24496e-01 |         nan |  6.01687e-02 | 2.32029e-01 | 1.08487e-02 |         nan | 7.13077e-03 |  7.52652e-03 |          nan | 6.15761e-05 | 3.17919e-06 | 3.64051e-03 |
| 2.4 | 1.25128e-01 | 1.16765e-01 |         nan |  4.39246e-02 | 1.11838e-01 | 7.58754e-03 |         nan | 5.72394e-03 |  5.74964e-03 |          nan | 3.08316e-05 | 1.81341e-06 | 2.40597e-03 |
| 2.4 | 1.57527e-01 | 6.12754e-02 |         nan |  2.66895e-02 | 5.17613e-02 | 5.87903e-03 |         nan | 3.52695e-03 |  4.21752e-03 |          nan | 1.74354e-05 | 5.63172e-07 | 1.56097e-03 |
| 2.4 | 1.98315e-01 | 3.51041e-02 |         nan |  1.53735e-02 | 2.31713e-02 | 3.59429e-03 |         nan | 1.94363e-03 |  2.99228e-03 |          nan | 9.31148e-06 | 1.32729e-07 | 9.94197e-04 |
| 2.4 | 2.49663e-01 | 1.91129e-02 |         nan |  1.01539e-02 | 1.00880e-02 | 2.34886e-03 |         nan | 1.58149e-03 |  2.06470e-03 |          nan | 4.94608e-06 | 8.61912e-08 | 6.21621e-04 |
| 2.4 | 3.14307e-01 | 1.27283e-02 |         nan |  4.87061e-03 | 4.28796e-03 | 2.29235e-03 |         nan | 9.47905e-04 |  1.39092e-03 |          nan | 2.13462e-06 | 1.61850e-08 | 3.81552e-04 |
| 2.4 | 3.95690e-01 | 8.30550e-03 |         nan |  2.40694e-03 | 1.78417e-03 | 1.74999e-03 |         nan | 5.56882e-04 |  9.17252e-04 |          nan | 6.78849e-07 | 1.19599e-08 | 2.29910e-04 |
| 2.6 | 1.10000e-03 | 3.63805e+01 |         nan |  5.23423e+00 | 4.26926e+01 | 2.68686e+00 |         nan | 1.35278e+00 |  1.76245e-04 |          nan | 1.35251e-01 | 3.79483e+00 | 2.96743e-01 |
| 2.6 | 3.30000e-03 | 3.12944e+01 |         nan |  1.93810e+00 | 3.38759e+01 | 2.08297e+00 |         nan | 3.49479e-01 |  1.25863e-03 |          nan | 1.51461e-02 | 1.60261e-01 | 1.95214e-01 |
| 2.6 | 5.50000e-03 | 2.37338e+01 |         nan |  1.00928e+00 | 2.66095e+01 | 1.62544e+00 |         nan | 1.79961e-01 |  2.74626e-03 |          nan | 9.27261e-03 | 2.09372e-02 | 1.39228e-01 |
| 2.6 | 7.70000e-03 | 1.81511e+01 |         nan |  9.81194e-01 | 2.15683e+01 | 1.46338e+00 |         nan | 1.85483e-01 |  4.36288e-03 |          nan | 7.31486e-03 | 9.04562e-03 | 1.06039e-01 |
| 2.6 | 9.93927e-03 | 1.70833e+01 |         nan |  1.20504e+00 | 1.78381e+01 | 1.09859e+00 |         nan | 1.64867e-01 |  6.01224e-03 |          nan | 5.11414e-03 | 1.28481e-02 | 8.40059e-02 |
| 2.6 | 1.25128e-02 | 1.41738e+01 |         nan |  1.02302e+00 | 1.46440e+01 | 9.07887e-01 |         nan | 1.42817e-01 |  7.82248e-03 |          nan | 3.89551e-03 | 4.16295e-03 | 6.67740e-02 |
| 2.6 | 1.57527e-02 | 1.05774e+01 |         nan |  5.73916e-01 | 1.16775e+01 | 5.79982e-01 |         nan | 8.02237e-02 |  9.88632e-03 |          nan | 3.18625e-03 | 2.43244e-03 | 5.21050e-02 |
| 2.6 | 1.98315e-02 | 8.15954e+00 |         nan |  3.11283e-01 | 8.99176e+00 | 3.78673e-01 |         nan | 5.51404e-02 |  1.20651e-02 |          nan | 2.45735e-03 | 1.32543e-03 | 3.99141e-02 |
| 2.6 | 2.49663e-02 | 6.20385e+00 |         nan |  3.86804e-01 | 6.63443e+00 | 2.97210e-01 |         nan | 4.75601e-02 |  1.41088e-02 |          nan | 1.68657e-03 | 1.49518e-03 | 3.00157e-02 |
| 2.6 | 3.14307e-02 | 4.36371e+00 |         nan |  1.63569e-01 | 4.64862e+00 | 1.80956e-01 |         nan | 2.24987e-02 |  1.56679e-02 |          nan | 1.16037e-03 | 3.01512e-04 | 2.21587e-02 |
| 2.6 | 3.95689e-02 | 2.96802e+00 |         nan |  1.53687e-01 | 3.06594e+00 | 1.20014e-01 |         nan | 2.32817e-02 |  1.63776e-02 |          nan | 7.93384e-04 | 8.65837e-05 | 1.60589e-02 |
| 2.6 | 4.98144e-02 | 1.78534e+00 |         nan |  1.29312e-01 | 1.89108e+00 | 6.19453e-02 |         nan | 1.61890e-02 |  1.60102e-02 |          nan | 4.66446e-04 | 8.38211e-05 | 1.14252e-02 |
| 2.6 | 6.27126e-02 | 1.00567e+00 |         nan |  9.10067e-02 | 1.08868e+00 | 3.11359e-02 |         nan | 1.09644e-02 |  1.46079e-02 |          nan | 2.76492e-04 | 4.10728e-05 | 7.97966e-03 |
| 2.6 | 7.89504e-02 | 5.21776e-01 |         nan |  6.47502e-02 | 5.86884e-01 | 2.04901e-02 |         nan | 8.67987e-03 |  1.24807e-02 |          nan | 1.42393e-04 | 1.08297e-05 | 5.47117e-03 |
| 2.6 | 9.93927e-02 | 2.53986e-01 |         nan |  4.31216e-02 | 2.98425e-01 | 1.13421e-02 |         nan | 5.56585e-03 |  1.00582e-02 |          nan | 7.91962e-05 | 4.08892e-06 | 3.68257e-03 |
| 2.6 | 1.25128e-01 | 1.28154e-01 |         nan |  3.31108e-02 | 1.44439e-01 | 6.67400e-03 |         nan | 4.55242e-03 |  7.71564e-03 |          nan | 3.98193e-05 | 2.34203e-06 | 2.43331e-03 |
| 2.6 | 1.57527e-01 | 6.98451e-02 |         nan |  2.11728e-02 | 6.71284e-02 | 4.83097e-03 |         nan | 2.92993e-03 |  5.68320e-03 |          nan | 2.26117e-05 | 7.30369e-07 | 1.57841e-03 |
| 2.6 | 1.98315e-01 | 3.51099e-02 |         nan |  1.47259e-02 | 3.01756e-02 | 2.91032e-03 |         nan | 1.86903e-03 |  4.04896e-03 |          nan | 1.21262e-05 | 1.72850e-07 | 1.00511e-03 |
| 2.6 | 2.49663e-01 | 2.04682e-02 |         nan |  6.35427e-03 | 1.31921e-02 | 2.20530e-03 |         nan | 1.01747e-03 |  2.80544e-03 |          nan | 6.46800e-06 | 1.12713e-07 | 6.28326e-04 |
| 2.6 | 3.14307e-01 | 1.05705e-02 |         nan |  3.75498e-03 | 5.63073e-03 | 1.82448e-03 |         nan | 6.59767e-04 |  1.89781e-03 |          nan | 2.80307e-06 | 2.12533e-08 | 3.85594e-04 |
| 2.6 | 3.95690e-01 | 5.13236e-03 |         nan |  1.94611e-03 | 2.35263e-03 | 1.22065e-03 |         nan | 5.11723e-04 |  1.25672e-03 |          nan | 8.95140e-07 | 1.57705e-08 | 2.32301e-04 |
| 2.8 | 1.10000e-03 | 4.50712e+01 |         nan |  3.69015e+00 | 5.01595e+01 | 3.52186e+00 |         nan | 1.16881e+00 |  1.92040e-04 |          nan | 1.58907e-01 | 4.45854e+00 | 3.01041e-01 |
| 2.8 | 3.30000e-03 | 3.36315e+01 |         nan |  1.79001e+00 | 4.05540e+01 | 2.66328e+00 |         nan | 3.76222e-01 |  1.39738e-03 |          nan | 1.81319e-02 | 1.91854e-01 | 1.97872e-01 |
| 2.8 | 5.50000e-03 | 2.56095e+01 |         nan |  1.02701e+00 | 3.21341e+01 | 1.86016e+00 |         nan | 2.26901e-01 |  3.07570e-03 |          nan | 1.11978e-02 | 2.52841e-02 | 1.41067e-01 |
| 2.8 | 7.70000e-03 | 2.46752e+01 |         nan |  8.52451e-01 | 2.61962e+01 | 1.54113e+00 |         nan | 1.79349e-01 |  4.91444e-03 |          nan | 8.88442e-03 | 1.09866e-02 | 1.07411e-01 |
| 2.8 | 9.93927e-03 | 1.80081e+01 |         nan |  1.32417e+00 | 2.17603e+01 | 1.24193e+00 |         nan | 3.52955e-01 |  6.80184e-03 |          nan | 6.23860e-03 | 1.56731e-02 | 8.50765e-02 |
| 2.8 | 1.25128e-02 | 1.65612e+01 |         nan |  1.07947e+00 | 1.79341e+01 | 1.02966e+00 |         nan | 2.29414e-01 |  8.88468e-03 |          nan | 4.77075e-03 | 5.09827e-03 | 6.76128e-02 |
| 2.8 | 1.57527e-02 | 1.35268e+01 |         nan |  5.46955e-01 | 1.43574e+01 | 7.59373e-01 |         nan | 1.09964e-01 |  1.12730e-02 |          nan | 3.91750e-03 | 2.99068e-03 | 5.27500e-02 |
| 2.8 | 1.98315e-02 | 9.78063e+00 |         nan |  3.24944e-01 | 1.10989e+01 | 4.98169e-01 |         nan | 8.12582e-02 |  1.38115e-02 |          nan | 3.03321e-03 | 1.63604e-03 | 4.04010e-02 |
| 2.8 | 2.49663e-02 | 8.13747e+00 |         nan |  4.16839e-01 | 8.22139e+00 | 3.25256e-01 |         nan | 6.95970e-02 |  1.62146e-02 |          nan | 2.09000e-03 | 1.85283e-03 | 3.03764e-02 |
| 2.8 | 3.14307e-02 | 5.12607e+00 |         nan |  2.11265e-01 | 5.78326e+00 | 2.16161e-01 |         nan | 3.88061e-02 |  1.80773e-02 |          nan | 1.44359e-03 | 3.75105e-04 | 2.24210e-02 |
| 2.8 | 3.95689e-02 | 3.43216e+00 |         nan |  1.90489e-01 | 3.82930e+00 | 1.34117e-01 |         nan | 2.79864e-02 |  1.89706e-02 |          nan | 9.90921e-04 | 1.08141e-04 | 1.62461e-02 |
| 2.8 | 4.98144e-02 | 2.25340e+00 |         nan |  1.29630e-01 | 2.37122e+00 | 7.43736e-02 |         nan | 2.18743e-02 |  1.86180e-02 |          nan | 5.84875e-04 | 1.05103e-04 | 1.15562e-02 |
| 2.8 | 6.27126e-02 | 1.13726e+00 |         nan |  7.59978e-02 | 1.37047e+00 | 3.56455e-02 |         nan | 1.09658e-02 |  1.70542e-02 |          nan | 3.48058e-04 | 5.17038e-05 | 8.06974e-03 |
| 2.8 | 7.89504e-02 | 5.82639e-01 |         nan |  6.04672e-02 | 7.41699e-01 | 2.05200e-02 |         nan | 7.05926e-03 |  1.46282e-02 |          nan | 1.79955e-04 | 1.36865e-05 | 5.53194e-03 |
| 2.8 | 9.93927e-02 | 2.73246e-01 |         nan |  4.83420e-02 | 3.78631e-01 | 1.05825e-02 |         nan | 6.52347e-03 |  1.18353e-02 |          nan | 1.00482e-04 | 5.18789e-06 | 3.72281e-03 |
| 2.8 | 1.25128e-01 | 1.25437e-01 |         nan |  3.15319e-02 | 1.83981e-01 | 6.08242e-03 |         nan | 4.36706e-03 |  9.11456e-03 |          nan | 5.07203e-05 | 2.98319e-06 | 2.45946e-03 |
| 2.8 | 1.57527e-01 | 6.93081e-02 |         nan |  1.73770e-02 | 8.58424e-02 | 4.49027e-03 |         nan | 2.75253e-03 |  6.74004e-03 |          nan | 2.89153e-05 | 9.33980e-07 | 1.59508e-03 |
| 2.8 | 1.98315e-01 | 3.87479e-02 |         nan |  1.45849e-02 | 3.87398e-02 | 3.03677e-03 |         nan | 2.64028e-03 |  4.82080e-03 |          nan | 1.55678e-05 | 2.21907e-07 | 1.01555e-03 |
| 2.8 | 2.49663e-01 | 2.26395e-02 |         nan |  7.90755e-03 | 1.70029e-02 | 2.22633e-03 |         nan | 1.26578e-03 |  3.35338e-03 |          nan | 8.33641e-06 | 1.45272e-07 | 6.34735e-04 |
| 2.8 | 3.14307e-01 | 1.27463e-02 |         nan |  4.13853e-03 | 7.28584e-03 | 1.62227e-03 |         nan | 1.00163e-03 |  2.27741e-03 |          nan | 3.62701e-06 | 2.75005e-08 | 3.89457e-04 |
| 2.8 | 3.95690e-01 | 7.45595e-03 |         nan |  2.46983e-03 | 3.05615e-03 | 1.29544e-03 |         nan | 7.46366e-04 |  1.51404e-03 |          nan | 1.16282e-06 | 2.04864e-08 | 2.34586e-04 |
| 3.0 | 1.10000e-03 | 4.96476e+01 | 5.95762e+01 |  3.61690e+00 | 5.84469e+01 | 3.95793e+00 | 9.09619e+00 | 1.59332e+00 |  2.01552e-04 |  4.88279e-03 | 1.85161e-01 | 5.19519e+00 | 3.05176e-01 |
| 3.0 | 3.30000e-03 | 3.95999e+01 | 4.31797e+01 |  1.65355e+00 | 4.81025e+01 | 2.82228e+00 | 6.60566e+00 | 6.80240e-01 |  1.49292e-03 |  3.61674e-02 | 2.15069e-02 | 2.27565e-01 | 2.00427e-01 |
| 3.0 | 5.50000e-03 | 2.71322e+01 | 2.99273e+01 |  9.04110e-01 | 3.84320e+01 | 2.47441e+00 | 3.70488e+00 | 2.85305e-01 |  3.31327e-03 |  8.02674e-02 | 1.33924e-02 | 3.02394e-02 | 1.42835e-01 |
| 3.0 | 7.70000e-03 | 2.59108e+01 | 2.12123e+01 |  6.64389e-01 | 3.15015e+01 | 1.60589e+00 | 3.38971e+00 | 2.53520e-01 |  5.32292e-03 |  1.28954e-01 | 1.06837e-02 | 1.32115e-02 | 1.08730e-01 |
| 3.0 | 9.93927e-03 | 2.56444e+01 | 2.08822e+01 |  1.14748e+00 | 2.62755e+01 | 1.80248e+00 | 2.59465e+00 | 2.51635e-01 |  7.39776e-03 |  1.79218e-01 | 7.53311e-03 | 1.89252e-02 | 8.61048e-02 |
| 3.0 | 1.25128e-02 | 1.98856e+01 | 2.52957e+01 |  6.30422e-01 | 2.17363e+01 | 1.41732e+00 | 2.50676e+00 | 1.98501e-01 |  9.69916e-03 |  2.34972e-01 | 5.78219e-03 | 6.17915e-03 | 6.84183e-02 |
| 3.0 | 1.57527e-02 | 1.84241e+01 | 1.57530e+01 |  6.48505e-01 | 1.74663e+01 | 1.02729e+00 | 1.78244e+00 | 1.29515e-01 |  1.23524e-02 |  2.99248e-01 | 4.76578e-03 | 3.63827e-03 | 5.33694e-02 |
| 3.0 | 1.98315e-02 | 1.15995e+01 | 1.17385e+01 |  2.49140e-01 | 1.35526e+01 | 6.31952e-01 | 9.01565e-01 | 6.75175e-02 |  1.51905e-02 |  3.68005e-01 | 3.70379e-03 | 1.99773e-03 | 4.08684e-02 |
| 3.0 | 2.49663e-02 | 9.67777e+00 | 8.59528e+00 |  4.45939e-01 | 1.00765e+01 | 5.05895e-01 | 7.79503e-01 | 8.03035e-02 |  1.79002e-02 |  4.33649e-01 | 2.56159e-03 | 2.27090e-03 | 3.07225e-02 |
| 3.0 | 3.14307e-02 | 6.84799e+00 | 6.48835e+00 |  1.68821e-01 | 7.11467e+00 | 2.96583e-01 | 5.61504e-01 | 3.21640e-02 |  2.00310e-02 |  4.85272e-01 | 1.77593e-03 | 4.61461e-04 | 2.26726e-02 |
| 3.0 | 3.95689e-02 | 4.38749e+00 | 4.58514e+00 |  1.79340e-01 | 4.72847e+00 | 1.66058e-01 | 6.12186e-01 | 2.94576e-02 |  2.10993e-02 |  5.11153e-01 | 1.22360e-03 | 1.33534e-04 | 1.64256e-02 |
| 3.0 | 4.98144e-02 | 2.74560e+00 | 3.08406e+00 |  1.11280e-01 | 2.93895e+00 | 1.01598e-01 | 4.14280e-01 | 2.11711e-02 |  2.07845e-02 |  5.03527e-01 | 7.24909e-04 | 1.30267e-04 | 1.16820e-02 |
| 3.0 | 6.27126e-02 | 1.49749e+00 | 1.54174e+00 |  7.85429e-02 | 1.70494e+00 | 4.42090e-02 | 3.03840e-01 | 1.03556e-02 |  1.91099e-02 |  4.62956e-01 | 4.33003e-04 | 6.43225e-05 | 8.15615e-03 |
| 3.0 | 7.89504e-02 | 7.20225e-01 | 9.73734e-01 |  5.79474e-02 | 9.26161e-01 | 2.48440e-02 | 1.64951e-01 | 7.98855e-03 |  1.64526e-02 |  3.98581e-01 | 2.24711e-04 | 1.70903e-05 | 5.59022e-03 |
| 3.0 | 9.93927e-02 | 3.21754e-01 | 5.70310e-01 |  3.80288e-02 | 4.74564e-01 | 1.21412e-02 | 1.21053e-01 | 6.10782e-03 |  1.33611e-02 |  3.23687e-01 | 1.25940e-04 | 6.50232e-06 | 3.76139e-03 |
| 3.0 | 1.25128e-01 | 1.48660e-01 |         nan |  2.83600e-02 | 2.31457e-01 | 6.36973e-03 |         nan | 3.97571e-03 |  1.03281e-02 |          nan | 6.38086e-05 | 3.75300e-06 | 2.48452e-03 |
| 3.0 | 1.57527e-01 | 7.23981e-02 |         nan |  2.20672e-02 | 1.08397e-01 | 4.21854e-03 |         nan | 2.94993e-03 |  7.66596e-03 |          nan | 3.65127e-05 | 1.17938e-06 | 1.61106e-03 |
| 3.0 | 1.98315e-01 | 3.94048e-02 |         nan |  1.22408e-02 | 4.91013e-02 | 3.47181e-03 |         nan | 2.06609e-03 |  5.50352e-03 |          nan | 1.97315e-05 | 2.81259e-07 | 1.02555e-03 |
| 3.0 | 2.49663e-01 | 2.21302e-02 |         nan |  9.12259e-03 | 2.16310e-02 | 2.10782e-03 |         nan | 1.32568e-03 |  3.84259e-03 |          nan | 1.06055e-05 | 1.84814e-07 | 6.40876e-04 |
| 3.0 | 3.14307e-01 | 1.10126e-02 |         nan |  7.09036e-03 | 9.30365e-03 | 1.19826e-03 |         nan | 1.48837e-03 |  2.61940e-03 |          nan | 4.63151e-06 | 3.51168e-08 | 3.93158e-04 |
| 3.0 | 3.95690e-01 | 6.46101e-03 |         nan |  4.11116e-03 | 3.91713e-03 | 7.58441e-04 |         nan | 8.19639e-04 |  1.74790e-03 |          nan | 1.49041e-06 | 2.62578e-08 | 2.36775e-04 |
| 3.2 | 1.10000e-03 | 6.16907e+01 | 6.37876e+01 |  5.73743e+00 | 6.75974e+01 | 7.47212e+00 | 7.69546e+00 | 1.63716e+00 |  2.65831e-04 |  5.41097e-03 | 2.14150e-01 | 6.00855e+00 | 3.09162e-01 |
| 3.2 | 3.30000e-03 | 4.23757e+01 | 5.21363e+01 |  3.11574e+00 | 5.65827e+01 | 5.68038e+00 | 6.10871e+00 | 7.10985e-01 |  2.00264e-03 |  4.07635e-02 | 2.52985e-02 | 2.67683e-01 | 2.02888e-01 |
| 3.2 | 5.50000e-03 | 4.68537e+01 | 3.60370e+01 |  1.65938e+00 | 4.55644e+01 | 4.79268e+00 | 3.97839e+00 | 4.03328e-01 |  4.47960e-03 |  9.11823e-02 | 1.58778e-02 | 3.58514e-02 | 1.44536e-01 |
| 3.2 | 7.70000e-03 | 2.74545e+01 | 3.43904e+01 |  1.75494e+00 | 3.75417e+01 | 3.35520e+00 | 3.68032e+00 | 5.59871e-01 |  7.23412e-03 |  1.47250e-01 | 1.27322e-02 | 1.57448e-02 | 1.10000e-01 |
| 3.2 | 9.93927e-03 | 2.64409e+01 | 2.75255e+01 |  1.54272e+00 | 3.14371e+01 | 3.13699e+00 | 2.88851e+00 | 2.54850e-01 |  1.00935e-02 |  2.05452e-01 | 9.01291e-03 | 2.26429e-02 | 8.70944e-02 |
| 3.2 | 1.25128e-02 | 2.40357e+01 | 1.82414e+01 |  1.75564e+00 | 2.60986e+01 | 1.82926e+00 | 2.18494e+00 | 3.89565e-01 |  1.32806e-02 |  2.70325e-01 | 6.94262e-03 | 7.41924e-03 | 6.91934e-02 |
| 3.2 | 1.57527e-02 | 1.75336e+01 | 1.82821e+01 |  8.13248e-01 | 2.10462e+01 | 1.58870e+00 | 1.46849e+00 | 1.30341e-01 |  1.69735e-02 |  3.45495e-01 | 5.74255e-03 | 4.38396e-03 | 5.39653e-02 |
| 3.2 | 1.98315e-02 | 1.53173e+01 | 1.76293e+01 |  2.96580e-01 | 1.63883e+01 | 1.07330e+00 | 1.09853e+00 | 6.10613e-02 |  2.09476e-02 |  4.26387e-01 | 4.47875e-03 | 2.41573e-03 | 4.13180e-02 |
| 3.2 | 2.49663e-02 | 1.22779e+01 | 1.25379e+01 |  5.54476e-01 | 1.22281e+01 | 7.74810e-01 | 9.56248e-01 | 9.67136e-02 |  2.47719e-02 |  5.04230e-01 | 3.10857e-03 | 2.75581e-03 | 3.10555e-02 |
| 3.2 | 3.14307e-02 | 8.52416e+00 | 9.97606e+00 |  2.18141e-01 | 8.66455e+00 | 4.55355e-01 | 6.01383e-01 | 3.61115e-02 |  2.78192e-02 |  5.66259e-01 | 2.16281e-03 | 5.61987e-04 | 2.29146e-02 |
| 3.2 | 3.95689e-02 | 5.42246e+00 | 7.57807e+00 |  2.31536e-01 | 5.77899e+00 | 2.83721e-01 | 5.99074e-01 | 3.44353e-02 |  2.94070e-02 |  5.98578e-01 | 1.49545e-03 | 1.63201e-04 | 1.65982e-02 |
| 3.2 | 4.98144e-02 | 3.60932e+00 | 4.71421e+00 |  1.58815e-01 | 3.60465e+00 | 1.72799e-01 | 3.70934e-01 | 2.27472e-02 |  2.90712e-02 |  5.91742e-01 | 8.89108e-04 | 1.59774e-04 | 1.18028e-02 |
| 3.2 | 6.27126e-02 | 1.99344e+00 | 2.97867e+00 |  1.13824e-01 | 2.09856e+00 | 8.97942e-02 | 4.17683e-01 | 1.45993e-02 |  2.68238e-02 |  5.45997e-01 | 5.32970e-04 | 7.91724e-05 | 8.23919e-03 |
| 3.2 | 7.89504e-02 | 9.05078e-01 | 1.73080e+00 |  7.78260e-02 | 1.14403e+00 | 3.97733e-02 | 2.15453e-01 | 1.03475e-02 |  2.31760e-02 |  4.71745e-01 | 2.77572e-04 | 2.11107e-05 | 5.64623e-03 |
| 3.2 | 9.93927e-02 | 4.19158e-01 | 9.48294e-01 |  5.59277e-02 | 5.88283e-01 | 2.17789e-02 | 1.60206e-01 | 7.08977e-03 |  1.88880e-02 |  3.84463e-01 | 1.56119e-04 | 8.06046e-06 | 3.79846e-03 |
| 3.2 | 1.25128e-01 | 1.86549e-01 |         nan |  4.26672e-02 | 2.87940e-01 | 1.08763e-02 |         nan | 5.49439e-03 |  1.46522e-02 |          nan | 7.93799e-05 | 4.66886e-06 | 2.50860e-03 |
| 3.2 | 1.57527e-01 | 9.14423e-02 |         nan |  2.53317e-02 | 1.35329e-01 | 7.67242e-03 |         nan | 3.12781e-03 |  1.09141e-02 |          nan | 4.55843e-05 | 1.47240e-06 | 1.62641e-03 |
| 3.2 | 1.98315e-01 | 4.31851e-02 |         nan |  1.40525e-02 | 6.15183e-02 | 4.79831e-03 |         nan | 1.76611e-03 |  7.86328e-03 |          nan | 2.47214e-05 | 3.52386e-07 | 1.03515e-03 |
| 3.2 | 2.49663e-01 | 2.62565e-02 |         nan |  8.11327e-03 | 2.71975e-02 | 3.99724e-03 |         nan | 1.27171e-03 |  5.50968e-03 |          nan | 1.33348e-05 | 2.32374e-07 | 6.46771e-04 |
| 3.2 | 3.14307e-01 | 1.48741e-02 |         nan |  4.71826e-03 | 1.17394e-02 | 2.71121e-03 |         nan | 1.08535e-03 |  3.76916e-03 |          nan | 5.84406e-06 | 4.43105e-08 | 3.96711e-04 |
| 3.2 | 3.95690e-01 | 7.59760e-03 |         nan |  2.95496e-03 | 4.96021e-03 | 1.39930e-03 |         nan | 6.96372e-04 |  2.52406e-03 |          nan | 1.88729e-06 | 3.32499e-08 | 2.38876e-04 |
| 3.4 | 1.10000e-03 | 7.22576e+01 | 7.94534e+01 |  8.72525e+00 | 7.76531e+01 | 1.07073e+01 | 8.85773e+00 | 2.41243e+00 |  2.87916e-04 |  5.21401e-03 | 2.46007e-01 | 6.90237e+00 | 3.13012e-01 |
| 3.4 | 3.30000e-03 | 6.27933e+01 | 5.57434e+01 |  3.12443e+00 | 6.60570e+01 | 8.93449e+00 | 5.36056e+00 | 5.99306e-01 |  2.20429e-03 |  3.99186e-02 | 2.95345e-02 | 3.12505e-01 | 2.05263e-01 |
| 3.4 | 5.50000e-03 | 3.30568e+01 | 5.46734e+01 |  1.36627e+00 | 5.35942e+01 | 6.12393e+00 | 5.02498e+00 | 2.91715e-01 |  4.96780e-03 |  8.99646e-02 | 1.86760e-02 | 4.21696e-02 | 1.46178e-01 |
| 3.4 | 7.70000e-03 | 4.96292e+01 | 4.16671e+01 |  1.02964e+00 | 4.43764e+01 | 6.17611e+00 | 3.79186e+00 | 2.29292e-01 |  8.06224e-03 |  1.46003e-01 | 1.50502e-02 | 1.86112e-02 | 1.11224e-01 |
| 3.4 | 9.93927e-03 | 3.88914e+01 | 3.79254e+01 |  1.61950e+00 | 3.73000e+01 | 5.44486e+00 | 3.18073e+00 | 2.87150e-01 |  1.12912e-02 |  2.04478e-01 | 1.06938e-02 | 2.68657e-02 | 8.80486e-02 |
| 3.4 | 1.25128e-02 | 2.64136e+01 | 3.22774e+01 |  1.29322e+00 | 3.10708e+01 | 3.27457e+00 | 2.88074e+00 | 2.53254e-01 |  1.49067e-02 |  2.69954e-01 | 8.26529e-03 | 8.83272e-03 | 6.99407e-02 |
| 3.4 | 1.57527e-02 | 2.45150e+01 | 2.52203e+01 |  6.93872e-01 | 2.51406e+01 | 2.42323e+00 | 1.60224e+00 | 1.19531e-01 |  1.91164e-02 |  3.46189e-01 | 6.85975e-03 | 5.23684e-03 | 5.45396e-02 |
| 3.4 | 1.98315e-02 | 1.58032e+01 | 1.97751e+01 |  3.48498e-01 | 1.96430e+01 | 1.40225e+00 | 1.40356e+00 | 7.00365e-02 |  2.36721e-02 |  4.28691e-01 | 5.36820e-03 | 2.89548e-03 | 4.17513e-02 |
| 3.4 | 2.49663e-02 | 1.47004e+01 | 1.57629e+01 |  3.91829e-01 | 1.47062e+01 | 1.12810e+00 | 7.95653e-01 | 6.18522e-02 |  2.80886e-02 |  5.08671e-01 | 3.73853e-03 | 3.31428e-03 | 3.13763e-02 |
| 3.4 | 3.14307e-02 | 1.01823e+01 | 1.15180e+01 |  1.76667e-01 | 1.04557e+01 | 7.11522e-01 | 7.24428e-01 | 2.23435e-02 |  3.16508e-02 |  5.73182e-01 | 2.60992e-03 | 6.78165e-04 | 2.31478e-02 |
| 3.4 | 3.95689e-02 | 7.84565e+00 | 8.36940e+00 |  1.72582e-01 | 6.99728e+00 | 4.86463e-01 | 4.43824e-01 | 2.34301e-02 |  3.35706e-02 |  6.07948e-01 | 1.81071e-03 | 1.97606e-04 | 1.67645e-02 |
| 3.4 | 4.98144e-02 | 4.24449e+00 | 5.97239e+00 |  1.28869e-01 | 4.37934e+00 | 2.61794e-01 | 3.57027e-01 | 1.76756e-02 |  3.32996e-02 |  6.03040e-01 | 1.08019e-03 | 1.94112e-04 | 1.19192e-02 |
| 3.4 | 6.27126e-02 | 2.33269e+00 | 3.92592e+00 |  8.21203e-02 | 2.55820e+00 | 1.47632e-01 | 3.32594e-01 | 1.12397e-02 |  3.08294e-02 |  5.58306e-01 | 6.49706e-04 | 9.65135e-05 | 8.31916e-03 |
| 3.4 | 7.89504e-02 | 1.09503e+00 | 2.35494e+00 |  7.54579e-02 | 1.39933e+00 | 7.58595e-02 | 2.90538e-01 | 8.41677e-03 |  2.67270e-02 |  4.84014e-01 | 3.39514e-04 | 2.58217e-05 | 5.70015e-03 |
| 3.4 | 9.93927e-02 | 5.11690e-01 | 1.41484e+00 |  5.27356e-02 | 7.22000e-01 | 2.92542e-02 | 2.14029e-01 | 6.53745e-03 |  2.18558e-02 |  3.95799e-01 | 1.91605e-04 | 9.89261e-06 | 3.83414e-03 |
| 3.4 | 1.25128e-01 | 2.23904e-01 |         nan |  3.20349e-02 | 3.54586e-01 | 1.40129e-02 |         nan | 3.85031e-03 |  1.70119e-02 |          nan | 9.77530e-05 | 5.74950e-06 | 2.53177e-03 |
| 3.4 | 1.57527e-01 | 1.03881e-01 |         nan |  1.88443e-02 | 1.67216e-01 | 9.38961e-03 |         nan | 2.19650e-03 |  1.27148e-02 |          nan | 5.63253e-05 | 1.81934e-06 | 1.64118e-03 |
| 3.4 | 1.98315e-01 | 5.16136e-02 |         nan |  1.03206e-02 | 7.62712e-02 | 6.91586e-03 |         nan | 1.24768e-03 |  9.19160e-03 |          nan | 3.06499e-05 | 4.36893e-07 | 1.04439e-03 |
| 3.4 | 2.49663e-01 | 2.03386e-02 |         nan |  7.16684e-03 | 3.38340e-02 | 3.60612e-03 |         nan | 9.82420e-04 |  6.46224e-03 |          nan | 1.65886e-05 | 2.89076e-07 | 6.52444e-04 |
| 3.4 | 3.14307e-01 | 1.02414e-02 |         nan |  3.93089e-03 | 1.46534e-02 | 1.93107e-03 |         nan | 7.60265e-04 |  4.43576e-03 |          nan | 7.29470e-06 | 5.53095e-08 | 4.00128e-04 |
| 3.4 | 3.95690e-01 | 6.54558e-03 |         nan |  1.47790e-03 | 6.21243e-03 | 1.48136e-03 |         nan | 4.69135e-04 |  2.98052e-03 |          nan | 2.36374e-06 | 4.16440e-08 | 2.40896e-04 |
| 3.6 | 1.10000e-03 | 9.12011e+01 | 1.02011e+02 |  4.77838e+00 | 8.86563e+01 | 1.20355e+01 | 1.28907e+01 | 1.48700e+00 |  3.25742e-04 |  2.68514e-03 | 2.80866e-01 | 7.88042e+00 | 3.16735e-01 |
| 3.6 | 3.30000e-03 | 6.00709e+01 | 5.92829e+01 |  2.60239e+00 | 7.65888e+01 | 8.62362e+00 | 7.49682e+00 | 5.90209e-01 |  2.53262e-03 |  2.08768e-02 | 3.42433e-02 | 3.62329e-01 | 2.07558e-01 |
| 3.6 | 5.50000e-03 | 4.71627e+01 | 4.21974e+01 |  1.32727e+00 | 6.25859e+01 | 6.82217e+00 | 6.26089e+00 | 2.98877e-01 |  5.74884e-03 |  4.73886e-02 | 2.18093e-02 | 4.92445e-02 | 1.47764e-01 |
| 3.6 | 7.70000e-03 | 4.13612e+01 | 4.20070e+01 |  9.68046e-01 | 5.20669e+01 | 7.08258e+00 | 5.06359e+00 | 2.29203e-01 |  9.37392e-03 |  7.72706e-02 | 1.76584e-02 | 2.18366e-02 | 1.12406e-01 |
| 3.6 | 9.93927e-03 | 3.27765e+01 | 4.07276e+01 |  1.17581e+00 | 4.39211e+01 | 5.15842e+00 | 4.51035e+00 | 2.66699e-01 |  1.31753e-02 |  1.08606e-01 | 1.25920e-02 | 3.16346e-02 | 8.89701e-02 |
| 3.6 | 1.25128e-02 | 3.22845e+01 | 3.22415e+01 |  1.37591e+00 | 3.67045e+01 | 3.56632e+00 | 3.47279e+00 | 2.94832e-01 |  1.74504e-02 |  1.43847e-01 | 9.76396e-03 | 1.04343e-02 | 7.06622e-02 |
| 3.6 | 1.57527e-02 | 2.80086e+01 | 2.83474e+01 |  6.47964e-01 | 2.97952e+01 | 3.04585e+00 | 2.25511e+00 | 1.15566e-01 |  2.24509e-02 |  1.85066e-01 | 8.12979e-03 | 6.20641e-03 | 5.50942e-02 |
| 3.6 | 1.98315e-02 | 2.05464e+01 | 2.31097e+01 |  3.33151e-01 | 2.33551e+01 | 1.65838e+00 | 2.23055e+00 | 7.96266e-02 |  2.78912e-02 |  2.29912e-01 | 6.38268e-03 | 3.44266e-03 | 4.21695e-02 |
| 3.6 | 2.49663e-02 | 1.63464e+01 | 1.83092e+01 |  4.94293e-01 | 1.75419e+01 | 1.33792e+00 | 1.52760e+00 | 8.03533e-02 |  3.32020e-02 |  2.73689e-01 | 4.45942e-03 | 3.95336e-03 | 3.16860e-02 |
| 3.6 | 3.14307e-02 | 1.27348e+01 | 1.40789e+01 |  2.11973e-01 | 1.25122e+01 | 7.67297e-01 | 8.52741e-01 | 2.79269e-02 |  3.75338e-02 |  3.09397e-01 | 3.12325e-03 | 8.11550e-04 | 2.33728e-02 |
| 3.6 | 3.95689e-02 | 9.07649e+00 | 9.00285e+00 |  1.96759e-01 | 8.40064e+00 | 6.56141e-01 | 5.70110e-01 | 2.81549e-02 |  3.99392e-02 |  3.29225e-01 | 2.17386e-03 | 2.37238e-04 | 1.69250e-02 |
| 3.6 | 4.98144e-02 | 6.04173e+00 | 7.05309e+00 |  1.40079e-01 | 5.27467e+00 | 3.13526e-01 | 4.55104e-01 | 2.04212e-02 |  3.97450e-02 |  3.27624e-01 | 1.30103e-03 | 2.33797e-04 | 1.20315e-02 |
| 3.6 | 6.27126e-02 | 3.27717e+00 | 4.19456e+00 |  7.79985e-02 | 3.09118e+00 | 1.95055e-01 | 3.28622e-01 | 1.05586e-02 |  3.69158e-02 |  3.04302e-01 | 7.85067e-04 | 1.16621e-04 | 8.39630e-03 |
| 3.6 | 7.89504e-02 | 1.67070e+00 | 2.90506e+00 |  5.70569e-02 | 1.69634e+00 | 8.45185e-02 | 2.89743e-01 | 8.39219e-03 |  3.21071e-02 |  2.64664e-01 | 4.11576e-04 | 3.13024e-05 | 5.75216e-03 |
| 3.6 | 9.93927e-02 | 7.02789e-01 | 1.62893e+00 |  4.95308e-02 | 8.78078e-01 | 4.22769e-02 | 2.17747e-01 | 6.99918e-03 |  2.63403e-02 |  2.17127e-01 | 2.33025e-04 | 1.20311e-05 | 3.86855e-03 |
| 3.6 | 1.25128e-01 | 3.27704e-01 |         nan |  3.17435e-02 | 4.32635e-01 | 1.74714e-02 |         nan | 4.41881e-03 |  2.05688e-02 |          nan | 1.19269e-04 | 7.01502e-06 | 2.55411e-03 |
| 3.6 | 1.57527e-01 | 1.45202e-01 |         nan |  1.90829e-02 | 2.04682e-01 | 1.01797e-02 |         nan | 2.42631e-03 |  1.54229e-02 |          nan | 6.89455e-05 | 2.22698e-06 | 1.65542e-03 |
| 3.6 | 1.98315e-01 | 7.09508e-02 |         nan |  1.17045e-02 | 9.36626e-02 | 8.40618e-03 |         nan | 1.69837e-03 |  1.11854e-02 |          nan | 3.76387e-05 | 5.36513e-07 | 1.05329e-03 |
| 3.6 | 2.49663e-01 | 3.82608e-02 |         nan |  6.54458e-03 | 4.16833e-02 | 4.79101e-03 |         nan | 1.29600e-03 |  7.88948e-03 |          nan | 2.04371e-05 | 3.56140e-07 | 6.57910e-04 |
| 3.6 | 3.14307e-01 | 2.14236e-02 |         nan |  2.87995e-03 | 1.81113e-02 | 2.98308e-03 |         nan | 7.13474e-04 |  5.43296e-03 |          nan | 9.01612e-06 | 6.83615e-08 | 4.03421e-04 |
| 3.6 | 3.95690e-01 | 1.27819e-02 |         nan |  1.27039e-03 | 7.70329e-03 | 2.24544e-03 |         nan | 5.05333e-04 |  3.66238e-03 |          nan | 2.93099e-06 | 5.16377e-08 | 2.42843e-04 |
| 3.8 | 1.10000e-03 | 1.17764e+02 | 1.24696e+02 |  3.41128e+00 | 1.00649e+02 | 1.26102e+01 | 1.51162e+01 | 1.20781e+00 |  3.27024e-04 |  3.09936e-03 | 3.18860e-01 | 8.94646e+00 | 3.20340e-01 |
| 3.8 | 3.30000e-03 | 7.39112e+01 | 1.00516e+02 |  1.47583e+00 | 8.82422e+01 | 1.07725e+01 | 9.51548e+00 | 5.49808e-01 |  2.58040e-03 |  2.44557e-02 | 3.94536e-02 | 4.17459e-01 | 2.09779e-01 |
| 3.8 | 5.50000e-03 | 7.07966e+01 | 6.85250e+01 |  1.05658e+00 | 7.26053e+01 | 9.70104e+00 | 8.16782e+00 | 3.83057e-01 |  5.89764e-03 |  5.58945e-02 | 2.53007e-02 | 5.71280e-02 | 1.49299e-01 |
| 3.8 | 7.70000e-03 | 4.86708e+01 | 4.64176e+01 |  1.14907e+00 | 6.06759e+01 | 6.60261e+00 | 6.74396e+00 | 4.35000e-01 |  9.66008e-03 |  9.15532e-02 | 2.05782e-02 | 2.54471e-02 | 1.13550e-01 |
| 3.8 | 9.93927e-03 | 4.92056e+01 | 4.95497e+01 |  9.58488e-01 | 5.13591e+01 | 6.16141e+00 | 5.28259e+00 | 3.56143e-01 |  1.36242e-02 |  1.29123e-01 | 1.47245e-02 | 3.69919e-02 | 8.98614e-02 |
| 3.8 | 1.25128e-02 | 3.48724e+01 | 4.01213e+01 |  8.44637e-01 | 4.30534e+01 | 4.39846e+00 | 4.81681e+00 | 2.81349e-01 |  1.81009e-02 |  1.71551e-01 | 1.14528e-02 | 1.22391e-02 | 7.13600e-02 |
| 3.8 | 1.57527e-02 | 3.19085e+01 | 3.25100e+01 |  5.36419e-01 | 3.50573e+01 | 3.29002e+00 | 3.97463e+00 | 1.39640e-01 |  2.33599e-02 |  2.21392e-01 | 9.56555e-03 | 7.30250e-03 | 5.56304e-02 |
| 3.8 | 1.98315e-02 | 2.39651e+01 | 2.45349e+01 |  3.33152e-01 | 2.75648e+01 | 2.11777e+00 | 2.04694e+00 | 8.93211e-02 |  2.91104e-02 |  2.75893e-01 | 7.53316e-03 | 4.06321e-03 | 4.25739e-02 |
| 3.8 | 2.49663e-02 | 1.92476e+01 | 2.00512e+01 |  3.77889e-01 | 2.07680e+01 | 1.73150e+00 | 1.77791e+00 | 1.02826e-01 |  3.47606e-02 |  3.29443e-01 | 5.27954e-03 | 4.68041e-03 | 3.19853e-02 |
| 3.8 | 3.14307e-02 | 1.33112e+01 | 1.60597e+01 |  1.70284e-01 | 1.48592e+01 | 9.73570e-01 | 1.22814e+00 | 4.27697e-02 |  3.94175e-02 |  3.73578e-01 | 3.70909e-03 | 9.63777e-04 | 2.35902e-02 |
| 3.8 | 3.95689e-02 | 1.04096e+01 | 1.19252e+01 |  1.74146e-01 | 1.00073e+01 | 6.80574e-01 | 6.41000e-01 | 3.42865e-02 |  4.20736e-02 |  3.98751e-01 | 2.58962e-03 | 2.82611e-04 | 1.70800e-02 |
| 3.8 | 4.98144e-02 | 6.15618e+00 | 8.31841e+00 |  1.16628e-01 | 6.30295e+00 | 4.28084e-01 | 6.03000e-01 | 2.54528e-02 |  4.19988e-02 |  3.98042e-01 | 1.55466e-03 | 2.79375e-04 | 1.21400e-02 |
| 3.8 | 6.27126e-02 | 3.66134e+00 | 4.49049e+00 |  9.07481e-02 | 3.70524e+00 | 2.28200e-01 | 3.14897e-01 | 1.98439e-02 |  3.91300e-02 |  3.70853e-01 | 9.41018e-04 | 1.39788e-04 | 8.47083e-03 |
| 3.8 | 7.89504e-02 | 1.84737e+00 | 2.54515e+00 |  5.81002e-02 | 2.03962e+00 | 1.24218e-01 | 2.70763e-01 | 1.04994e-02 |  3.41382e-02 |  3.23544e-01 | 4.94863e-04 | 3.76368e-05 | 5.80239e-03 |
| 3.8 | 9.93927e-02 | 9.41422e-01 | 1.52618e+00 |  3.85111e-02 | 1.05904e+00 | 4.74367e-02 | 1.88173e-01 | 6.27005e-03 |  2.80934e-02 |  2.66254e-01 | 2.81048e-04 | 1.45106e-05 | 3.90178e-03 |
| 3.8 | 1.25128e-01 | 3.91172e-01 |         nan |  2.84852e-02 | 5.23411e-01 | 2.60791e-02 |         nan | 5.07437e-03 |  2.20057e-02 |          nan | 1.44295e-04 | 8.48693e-06 | 2.57569e-03 |
| 3.8 | 1.57527e-01 | 1.90464e-01 |         nan |  1.79462e-02 | 2.48396e-01 | 1.73568e-02 |         nan | 2.83468e-03 |  1.65515e-02 |          nan | 8.36703e-05 | 2.70259e-06 | 1.66917e-03 |
| 3.8 | 1.98315e-01 | 9.51673e-02 |         nan |  1.45543e-02 | 1.14018e-01 | 1.13390e-02 |         nan | 2.99428e-03 |  1.20412e-02 |          nan | 4.58188e-05 | 6.53114e-07 | 1.06189e-03 |
| 3.8 | 2.49663e-01 | 4.94517e-02 |         nan |  9.32427e-03 | 5.08995e-02 | 8.92157e-03 |         nan | 1.76281e-03 |  8.51936e-03 |          nan | 2.49557e-05 | 4.34883e-07 | 6.63187e-04 |
| 3.8 | 3.14307e-01 | 2.68388e-02 |         nan |  5.59536e-03 | 2.21843e-02 | 6.67196e-03 |         nan | 1.08684e-03 |  5.88488e-03 |          nan | 1.10437e-05 | 8.37350e-08 | 4.06599e-04 |
| 3.8 | 3.95690e-01 | 1.19011e-02 |         nan |  3.19443e-03 | 9.46488e-03 | 4.72440e-03 |         nan | 7.98998e-04 |  3.97931e-03 |          nan | 3.60125e-06 | 6.34463e-08 | 2.44721e-04 |
| 4.0 | 1.10000e-03 | 1.34248e+02 | 1.19792e+02 |  2.62747e+00 | 1.13674e+02 | 1.62052e+01 | 2.04554e+01 | 1.32869e+00 |  4.22172e-04 |  3.56459e-03 | 3.60124e-01 | 1.01042e+01 | 3.23838e-01 |
| 4.0 | 3.30000e-03 | 1.01888e+02 | 1.00057e+02 |  7.61576e-01 | 1.01082e+02 | 1.17914e+01 | 1.48552e+01 | 5.13640e-01 |  3.37868e-03 |  2.85276e-02 | 4.51946e-02 | 4.78204e-01 | 2.11932e-01 |
| 4.0 | 5.50000e-03 | 6.50730e+01 | 7.42199e+01 |  1.51602e+00 | 8.37195e+01 | 9.60150e+00 | 1.37228e+01 | 6.24001e-01 |  7.77312e-03 |  6.56317e-02 | 2.91737e-02 | 6.58730e-02 | 1.50785e-01 |
| 4.0 | 7.70000e-03 | 6.75642e+01 | 5.36034e+01 |  1.33538e+00 | 7.02680e+01 | 7.60852e+00 | 1.05839e+01 | 6.54032e-01 |  1.27874e-02 |  1.07969e-01 | 2.38313e-02 | 2.94700e-02 | 1.14658e-01 |
| 4.0 | 9.93927e-03 | 4.84106e+01 | 4.45943e+01 |  1.14432e+00 | 5.96743e+01 | 6.72416e+00 | 8.80917e+00 | 4.45419e-01 |  1.80942e-02 |  1.52777e-01 | 1.71084e-02 | 4.29810e-02 | 9.07247e-02 |
| 4.0 | 1.25128e-02 | 4.64783e+01 | 4.91394e+01 |  5.35277e-01 | 5.01725e+01 | 6.40040e+00 | 5.76132e+00 | 2.11262e-01 |  2.41111e-02 |  2.03581e-01 | 1.33466e-02 | 1.42629e-02 | 7.20358e-02 |
| 4.0 | 1.57527e-02 | 3.76561e+01 | 4.78573e+01 |  4.78053e-01 | 4.09756e+01 | 4.86522e+00 | 5.45852e+00 | 1.96622e-01 |  3.12088e-02 |  2.63509e-01 | 1.11804e-02 | 8.53530e-03 | 5.61496e-02 |
| 4.0 | 1.98315e-02 | 3.17161e+01 | 3.38632e+01 |  2.96017e-01 | 3.23140e+01 | 4.00326e+00 | 3.41105e+00 | 1.27767e-01 |  3.90070e-02 |  3.29353e-01 | 8.83107e-03 | 4.76326e-03 | 4.29655e-02 |
| 4.0 | 2.49663e-02 | 2.15270e+01 | 3.01339e+01 |  2.19519e-01 | 2.44185e+01 | 1.77713e+00 | 2.70433e+00 | 8.26754e-02 |  4.67164e-02 |  3.94448e-01 | 6.20755e-03 | 5.50311e-03 | 3.22751e-02 |
| 4.0 | 3.14307e-02 | 1.75757e+01 | 2.20881e+01 |  1.27739e-01 | 1.75230e+01 | 1.41578e+00 | 1.73682e+00 | 4.58067e-02 |  5.31324e-02 |  4.48621e-01 | 4.37402e-03 | 1.13655e-03 | 2.38007e-02 |
| 4.0 | 3.95689e-02 | 1.50438e+01 | 1.54498e+01 |  1.49490e-01 | 1.18364e+01 | 9.44547e-01 | 1.07262e+00 | 4.25087e-02 |  5.68812e-02 |  4.80274e-01 | 3.06294e-03 | 3.34265e-04 | 1.72301e-02 |
| 4.0 | 4.98144e-02 | 8.69746e+00 | 1.01794e+01 |  9.38633e-02 | 7.47711e+00 | 6.29270e-01 | 6.56573e-01 | 2.22118e-02 |  5.69488e-02 |  4.80844e-01 | 1.84427e-03 | 3.31419e-04 | 1.22450e-02 |
| 4.0 | 6.27126e-02 | 5.19128e+00 | 7.19598e+00 |  6.11660e-02 | 4.40854e+00 | 3.74454e-01 | 4.59993e-01 | 1.67568e-02 |  5.32164e-02 |  4.49330e-01 | 1.11964e-03 | 1.66321e-04 | 8.54293e-03 |
| 4.0 | 7.89504e-02 | 2.99052e+00 | 4.63696e+00 |  5.59171e-02 | 2.43397e+00 | 1.84074e-01 | 4.71364e-01 | 1.40808e-02 |  4.65660e-02 |  3.93175e-01 | 5.90544e-04 | 4.49138e-05 | 5.85099e-03 |
| 4.0 | 9.93927e-02 | 1.32562e+00 | 2.22765e+00 |  3.38468e-02 | 1.26755e+00 | 7.23929e-02 | 2.07450e-01 | 7.13664e-03 |  3.84343e-02 |  3.24517e-01 | 3.36385e-04 | 1.73676e-05 | 3.93393e-03 |
| 4.0 | 1.25128e-01 | 5.89470e-01 |         nan |  2.67488e-02 | 6.28329e-01 | 3.66410e-02 |         nan | 6.08916e-03 |  3.01953e-02 |          nan | 1.73219e-04 | 1.01881e-05 | 2.59656e-03 |
| 4.0 | 1.57527e-01 | 2.61104e-01 |         nan |  1.83216e-02 | 2.99073e-01 | 2.01787e-02 |         nan | 4.76065e-03 |  2.27787e-02 |          nan | 1.00740e-04 | 3.25397e-06 | 1.68246e-03 |
| 4.0 | 1.98315e-01 | 1.31035e-01 |         nan |  1.05485e-02 | 1.37688e-01 | 1.81755e-02 |         nan | 2.75350e-03 |  1.66206e-02 |          nan | 5.53305e-05 | 7.88697e-07 | 1.07021e-03 |
| 4.0 | 2.49663e-01 | 6.47898e-02 |         nan |  7.09123e-03 | 6.16486e-02 | 1.30728e-02 |         nan | 1.96688e-03 |  1.17944e-02 |          nan | 3.02260e-05 | 5.26724e-07 | 6.68288e-04 |
| 4.0 | 3.14307e-01 | 2.67153e-02 |         nan |  3.34795e-03 | 2.69491e-02 | 6.43453e-03 |         nan | 1.52234e-03 |  8.17140e-03 |          nan | 1.34157e-05 | 1.01720e-07 | 4.09671e-04 |
| 4.0 | 3.95690e-01 | 1.38489e-02 |         nan |  3.25170e-03 | 1.15319e-02 | 4.92293e-03 |         nan | 1.33757e-03 |  5.54184e-03 |          nan | 4.38773e-06 | 7.73025e-08 | 2.46537e-04 |
| 4.2 | 1.10000e-03 | 2.14493e+02 | 1.65506e+02 |  1.96421e+00 | 1.27774e+02 | 3.08228e+01 | 4.39426e+01 | 3.17538e+00 |  4.77972e-04 |  4.81706e-03 | 4.04790e-01 | 1.13575e+01 | 3.27234e-01 |
| 4.2 | 3.30000e-03 | 1.22830e+02 | 8.72289e+01 |  1.45628e+00 | 1.15176e+02 | 1.70745e+01 | 2.74762e+01 | 5.30094e-01 |  3.87761e-03 |  3.90791e-02 | 5.14958e-02 | 5.44877e-01 | 2.14021e-01 |
| 4.2 | 5.50000e-03 | 8.39700e+01 | 9.95370e+01 |  5.42321e-01 | 9.59972e+01 | 1.46511e+01 | 2.15753e+01 | 3.55800e-01 |  8.97760e-03 |  9.04773e-02 | 3.34521e-02 | 7.55335e-02 | 1.52228e-01 |
| 4.2 | 7.70000e-03 | 6.82009e+01 | 1.09378e+02 |  7.83329e-01 | 8.09094e+01 | 1.16771e+01 | 2.71985e+01 | 4.08513e-01 |  1.48305e-02 |  1.49464e-01 | 2.74403e-02 | 3.39329e-02 | 1.15733e-01 |
| 4.2 | 9.93927e-03 | 6.91878e+01 | 6.83084e+01 |  9.45340e-01 | 6.89288e+01 | 1.41192e+01 | 1.36026e+01 | 3.27734e-01 |  2.10516e-02 |  2.12161e-01 | 1.97617e-02 | 4.96467e-02 | 9.15619e-02 |
| 4.2 | 1.25128e-02 | 6.23884e+01 | 5.56833e+01 |  9.84447e-01 | 5.81189e+01 | 9.34744e+00 | 1.28759e+01 | 3.56325e-01 |  2.81321e-02 |  2.83519e-01 | 1.54605e-02 | 1.65219e-02 | 7.26911e-02 |
| 4.2 | 1.57527e-02 | 4.50831e+01 | 4.78570e+01 |  4.88951e-01 | 4.76008e+01 | 6.48319e+00 | 1.31437e+01 | 1.60616e-01 |  3.65173e-02 |  3.68027e-01 | 1.29881e-02 | 9.91536e-03 | 5.66530e-02 |
| 4.2 | 1.98315e-02 | 4.51799e+01 | 4.09785e+01 |  2.52637e-01 | 3.76460e+01 | 4.55906e+00 | 6.50855e+00 | 1.11764e-01 |  4.57724e-02 |  4.61300e-01 | 1.02882e-02 | 5.54922e-03 | 4.33450e-02 |
| 4.2 | 2.49663e-02 | 3.30874e+01 | 3.46852e+01 |  4.31599e-01 | 2.85289e+01 | 3.10906e+00 | 5.26786e+00 | 1.45817e-01 |  5.49756e-02 |  5.54051e-01 | 7.25247e-03 | 6.42945e-03 | 3.25559e-02 |
| 4.2 | 3.14307e-02 | 2.15548e+01 | 2.80598e+01 |  1.50657e-01 | 2.05311e+01 | 2.26737e+00 | 3.77425e+00 | 7.58989e-02 |  6.27044e-02 |  6.31942e-01 | 5.12489e-03 | 1.33166e-03 | 2.40047e-02 |
| 4.2 | 3.95689e-02 | 1.82924e+01 | 1.46425e+01 |  2.28367e-01 | 1.39079e+01 | 1.96194e+00 | 1.63661e+00 | 5.04439e-02 |  6.73200e-02 |  6.78461e-01 | 3.59898e-03 | 3.92765e-04 | 1.73755e-02 |
| 4.2 | 4.98144e-02 | 1.12857e+01 | 1.29953e+01 |  1.37236e-01 | 8.81076e+00 | 9.43067e-01 | 1.37234e+00 | 3.86924e-02 |  6.75924e-02 |  6.81205e-01 | 2.17323e-03 | 3.90533e-04 | 1.23468e-02 |
| 4.2 | 6.27126e-02 | 6.71655e+00 | 7.82718e+00 |  8.88532e-02 | 5.20970e+00 | 6.10866e-01 | 5.96182e-01 | 2.08251e-02 |  6.33428e-02 |  6.38377e-01 | 1.32311e-03 | 1.96547e-04 | 8.61279e-03 |
| 4.2 | 7.89504e-02 | 4.07374e+00 | 4.97527e+00 |  7.21206e-02 | 2.88450e+00 | 2.76929e-01 | 5.98402e-01 | 1.98878e-02 |  5.55848e-02 |  5.60191e-01 | 6.99855e-04 | 5.32274e-05 | 5.89806e-03 |
| 4.2 | 9.93927e-02 | 1.64474e+00 | 2.39258e+00 |  5.30800e-02 | 1.50647e+00 | 1.13039e-01 | 3.89746e-01 | 1.13600e-02 |  4.60092e-02 |  4.63688e-01 | 3.99789e-04 | 2.06412e-05 | 3.96506e-03 |
| 4.2 | 1.25128e-01 | 8.19863e-01 |         nan |  3.86808e-02 | 7.48892e-01 | 5.35380e-02 |         nan | 7.42414e-03 |  3.62496e-02 |          nan | 2.06456e-04 | 1.21430e-05 | 2.61677e-03 |
| 4.2 | 1.57527e-01 | 3.97381e-01 |         nan |  2.83631e-02 | 3.57477e-01 | 2.98597e-02 |         nan | 5.29116e-03 |  2.74241e-02 |          nan | 1.20413e-04 | 3.88941e-06 | 1.69533e-03 |
| 4.2 | 1.98315e-01 | 1.87637e-01 |         nan |  1.97336e-02 | 1.65046e-01 | 2.52848e-02 |         nan | 2.82873e-03 |  2.00673e-02 |          nan | 6.63243e-05 | 9.45406e-07 | 1.07825e-03 |
| 4.2 | 2.49663e-01 | 7.74176e-02 |         nan |  8.66727e-03 | 7.41088e-02 | 2.18107e-02 |         nan | 1.67894e-03 |  1.42808e-02 |          nan | 3.63351e-05 | 6.33182e-07 | 6.73225e-04 |
| 4.2 | 3.14307e-01 | 4.35754e-02 |         nan |  8.56230e-03 | 3.24884e-02 | 1.22839e-02 |         nan | 1.47998e-03 |  9.92232e-03 |          nan | 1.61733e-05 | 1.22628e-07 | 4.12644e-04 |
| 4.2 | 3.95690e-01 | 1.99430e-02 |         nan |  2.42704e-03 | 1.39420e-02 | 8.51214e-03 |         nan | 1.00650e-03 |  6.74852e-03 |          nan | 5.30472e-06 | 9.34578e-08 | 2.48293e-04 |
| 4.4 | 1.10000e-03 | 2.57351e+02 |         nan |  1.49659e+01 | 1.42989e+02 | 6.31362e+01 |         nan | 1.15296e+01 |  5.68832e-04 |          nan | 4.52994e-01 | 1.27099e+01 | 3.30535e-01 |
| 4.4 | 3.30000e-03 | 1.56232e+02 |         nan |  2.75715e+00 | 1.30589e+02 | 4.14226e+01 |         nan | 1.10621e+00 |  4.67556e-03 |          nan | 5.83872e-02 | 6.17796e-01 | 2.16051e-01 |
| 4.4 | 5.50000e-03 | 1.28278e+02 |         nan |  1.29935e+00 | 1.09508e+02 | 2.89988e+01 |         nan | 5.84292e-01 |  1.08910e-02 |          nan | 3.81603e-02 | 8.61645e-02 | 1.53629e-01 |
| 4.4 | 7.70000e-03 | 1.05792e+02 |         nan |  1.08840e+00 | 9.26677e+01 | 3.01273e+01 |         nan | 6.81724e-01 |  1.80637e-02 |          nan | 3.14281e-02 | 3.88643e-02 | 1.16777e-01 |
| 4.4 | 9.93927e-03 | 8.10022e+01 |         nan |  1.50754e+00 | 7.91865e+01 | 2.82323e+01 |         nan | 4.88260e-01 |  2.57192e-02 |          nan | 2.27025e-02 | 5.70349e-02 | 9.23749e-02 |
| 4.4 | 1.25128e-02 | 9.59488e+01 |         nan |  9.09547e-01 | 6.69513e+01 | 2.23724e+01 |         nan | 3.98704e-01 |  3.44639e-02 |          nan | 1.78101e-02 | 1.90327e-02 | 7.33273e-02 |
| 4.4 | 1.57527e-02 | 5.84849e+01 |         nan |  6.86646e-01 | 5.49854e+01 | 1.47039e+01 |         nan | 2.39941e-01 |  4.48592e-02 |          nan | 1.50031e-02 | 1.14536e-02 | 5.71417e-02 |
| 4.4 | 1.98315e-02 | 5.10431e+01 |         nan |  2.49120e-01 | 4.36056e+01 | 8.49304e+00 |         nan | 1.21904e-01 |  5.63832e-02 |          nan | 1.19169e-02 | 6.42771e-03 | 4.37134e-02 |
| 4.4 | 2.49663e-02 | 4.02578e+01 |         nan |  5.67837e-01 | 3.31360e+01 | 6.07254e+00 |         nan | 1.86715e-01 |  6.79056e-02 |          nan | 8.42368e-03 | 7.46775e-03 | 3.28285e-02 |
| 4.4 | 3.14307e-02 | 3.50239e+01 |         nan |  3.02451e-01 | 2.39122e+01 | 5.30403e+00 |         nan | 1.00796e-01 |  7.76652e-02 |          nan | 5.96886e-03 | 1.55096e-03 | 2.42027e-02 |
| 4.4 | 3.95689e-02 | 2.23580e+01 |         nan |  2.20759e-01 | 1.62427e+01 | 3.95756e+00 |         nan | 7.75710e-02 |  8.36112e-02 |          nan | 4.20318e-03 | 4.58702e-04 | 1.75166e-02 |
| 4.4 | 4.98144e-02 | 1.42614e+01 |         nan |  1.28545e-01 | 1.03182e+01 | 1.63986e+00 |         nan | 5.45824e-02 |  8.41800e-02 |          nan | 2.54504e-03 | 4.57348e-04 | 1.24455e-02 |
| 4.4 | 6.27126e-02 | 8.95239e+00 |         nan |  7.85032e-02 | 6.11777e+00 | 1.00352e+00 |         nan | 2.91459e-02 |  7.91040e-02 |          nan | 1.55373e-03 | 2.30806e-04 | 8.68054e-03 |
| 4.4 | 7.89504e-02 | 4.74146e+00 |         nan |  5.33036e-02 | 3.39659e+00 | 6.97911e-01 |         nan | 1.71434e-02 |  6.96064e-02 |          nan | 8.24100e-04 | 6.26769e-05 | 5.94372e-03 |
| 4.4 | 9.93927e-02 | 1.88709e+00 |         nan |  2.33420e-02 | 1.77879e+00 | 2.53569e-01 |         nan | 1.13021e-02 |  5.77736e-02 |          nan | 4.72057e-04 | 2.43724e-05 | 3.99525e-03 |
| 4.4 | 1.25128e-01 | 1.02118e+00 |         nan | -1.37448e-03 | 8.86694e-01 | 1.34542e-01 |         nan | 8.25465e-03 |  4.56436e-02 |          nan | 2.44445e-04 | 1.43774e-05 | 2.63636e-03 |
| 4.4 | 1.57527e-01 | 4.40273e-01 |         nan | -2.09504e-02 | 4.24418e-01 | 6.07781e-02 |         nan | 9.02815e-03 |  3.46258e-02 |          nan | 1.42962e-04 | 4.61774e-06 | 1.70782e-03 |
| 4.4 | 1.98315e-01 | 1.77502e-01 |         nan | -1.15250e-04 | 1.96490e-01 | 3.48703e-02 |         nan | 3.92221e-03 |  2.54066e-02 |          nan | 7.89605e-05 | 1.12553e-06 | 1.08605e-03 |
| 4.4 | 2.49663e-01 | 7.92050e-02 |         nan |  1.47404e-03 | 8.84704e-02 | 2.08221e-02 |         nan | 2.94082e-03 |  1.81302e-02 |          nan | 4.33765e-05 | 7.55888e-07 | 6.78011e-04 |
| 4.4 | 3.14307e-01 | 2.96828e-02 |         nan | -9.16387e-03 | 3.88909e-02 | 1.79857e-02 |         nan | 3.46766e-03 |  1.26315e-02 |          nan | 1.93605e-05 | 1.46794e-07 | 4.15525e-04 |
| 4.4 | 3.95690e-01 | 1.50775e-02 |         nan | -1.42603e-03 | 1.67354e-02 | 1.34564e-02 |         nan | 2.04305e-03 |  8.61472e-03 |          nan | 6.36756e-06 | 1.12183e-07 | 2.49996e-04 |
| 4.6 | 1.10000e-03 | 4.31509e+02 |         nan |  5.40716e+00 | 1.59363e+02 | 1.48348e+02 |         nan | 5.55699e+00 |  9.05992e-04 |          nan | 5.04867e-01 | 1.41654e+01 | 3.33748e-01 |
| 4.6 | 3.30000e-03 | 2.47273e+02 |         nan |  1.89093e+00 | 1.47390e+02 | 8.75358e+01 |         nan | 9.35512e-01 |  7.54136e-03 |          nan | 6.58991e-02 | 6.97279e-01 | 2.18025e-01 |
| 4.6 | 5.50000e-03 | 1.35195e+02 |         nan |  1.74990e+00 | 1.24324e+02 | 5.55087e+01 |         nan | 5.88127e-01 |  1.76698e-02 |          nan | 4.33232e-02 | 9.78221e-02 | 1.54991e-01 |
| 4.6 | 7.70000e-03 | 7.68099e+01 |         nan |  1.06792e+00 | 1.05612e+02 | 3.38988e+01 |         nan | 3.31716e-01 |  2.94203e-02 |          nan | 3.58183e-02 | 4.42932e-02 | 1.17792e-01 |
| 4.6 | 9.93927e-03 | 1.64445e+02 |         nan |  1.24278e+00 | 9.05128e+01 | 7.88475e+01 |         nan | 5.66427e-01 |  4.20116e-02 |          nan | 2.59497e-02 | 6.51928e-02 | 9.31651e-02 |
| 4.6 | 1.25128e-02 | 1.25597e+02 |         nan |  1.15215e+00 | 7.67301e+01 | 3.33453e+01 |         nan | 4.95518e-01 |  5.64452e-02 |          nan | 2.04114e-02 | 2.18126e-02 | 7.39457e-02 |
| 4.6 | 1.57527e-02 | 9.25026e+01 |         nan |  5.56036e-01 | 6.31833e+01 | 2.67304e+01 |         nan | 2.05941e-01 |  7.36652e-02 |          nan | 1.72399e-02 | 1.31612e-02 | 5.76166e-02 |
| 4.6 | 1.98315e-02 | 7.94292e+01 |         nan |  2.98517e-01 | 5.02395e+01 | 2.33196e+01 |         nan | 1.81242e-01 |  9.28336e-02 |          nan | 1.37299e-02 | 7.40558e-03 | 4.40714e-02 |
| 4.6 | 2.49663e-02 | 3.72373e+01 |         nan |  2.72959e-01 | 3.82782e+01 | 7.84813e+00 |         nan | 1.61250e-01 |  1.12102e-01 |          nan | 9.73089e-03 | 8.62661e-03 | 3.30934e-02 |
| 4.6 | 3.14307e-02 | 4.78434e+01 |         nan |  2.19382e-01 | 2.76961e+01 | 1.03089e+01 |         nan | 8.43252e-02 |  1.28552e-01 |          nan | 6.91337e-03 | 1.79638e-03 | 2.43949e-02 |
| 4.6 | 3.95689e-02 | 3.74560e+01 |         nan |  2.72760e-01 | 1.88627e+01 | 1.03971e+01 |         nan | 8.46510e-02 |  1.38760e-01 |          nan | 4.88118e-03 | 5.32693e-04 | 1.76536e-02 |
| 4.6 | 4.98144e-02 | 2.33789e+01 |         nan |  1.40952e-01 | 1.20143e+01 | 3.44896e+00 |         nan | 5.14570e-02 |  1.40074e-01 |          nan | 2.96339e-03 | 5.32527e-04 | 1.25413e-02 |
| 4.6 | 6.27126e-02 | 1.48437e+01 |         nan |  9.09793e-02 | 7.14226e+00 | 2.43914e+00 |         nan | 2.93464e-02 |  1.31976e-01 |          nan | 1.81392e-03 | 2.69457e-04 | 8.74634e-03 |
| 4.6 | 7.89504e-02 | 6.52815e+00 |         nan |  4.54923e-02 | 3.97588e+00 | 8.43018e-01 |         nan | 1.41519e-02 |  1.16438e-01 |          nan | 9.64652e-04 | 7.33665e-05 | 5.98805e-03 |
| 4.6 | 9.93927e-02 | 4.48990e+00 |         nan |  8.24271e-02 | 2.08767e+00 | 6.09352e-01 |         nan | 1.49779e-02 |  9.69000e-02 |          nan | 5.54029e-04 | 2.86047e-05 | 4.02456e-03 |
| 4.6 | 1.25128e-01 | 1.94427e+00 |         nan |  1.35416e-01 | 1.04342e+00 | 4.36641e-01 |         nan | 2.32285e-02 |  7.67576e-02 |          nan | 2.87653e-04 | 1.69187e-05 | 2.65538e-03 |
| 4.6 | 1.57527e-01 | 8.30718e-01 |         nan |  1.64193e-01 | 5.00758e-01 | 1.23902e-01 |         nan | 2.82526e-02 |  5.83832e-02 |          nan | 1.68676e-04 | 5.44834e-06 | 1.71993e-03 |
| 4.6 | 1.98315e-01 | 4.52032e-01 |         nan |  5.12707e-02 | 2.32447e-01 | 1.12161e-01 |         nan | 9.44615e-03 |  4.29520e-02 |          nan | 9.34098e-05 | 1.33149e-06 | 1.09362e-03 |
| 4.6 | 2.49663e-01 | 1.50065e-01 |         nan |  2.23693e-02 | 1.04937e-01 | 3.74748e-02 |         nan | 5.27315e-03 |  3.07318e-02 |          nan | 5.14500e-05 | 8.96577e-07 | 6.82655e-04 |
| 4.6 | 3.14307e-01 | 7.83335e-02 |         nan |  5.33138e-02 | 4.62516e-02 | 6.91016e-02 |         nan | 1.35649e-02 |  2.14678e-02 |          nan | 2.30248e-05 | 1.74577e-07 | 4.18321e-04 |
| 4.6 | 3.95690e-01 | 1.77195e-02 |         nan |  1.18615e-02 | 1.99555e-02 | 4.37307e-02 |         nan | 5.00420e-03 |  1.46799e-02 |          nan | 7.59276e-06 | 1.33768e-07 | 2.51647e-04 |
